roadstress 1839 0 1854 95
roadstress 1859 103 1878 209
roadstress 2061 0 2071 57
roadstress 1876 57 2104 111
roadstress 1871 199 1892 305
roadstress 2063 73 2107 107
roadstress 2099 70 2168 135
roadstress 2176 57 2202 69
roadstress 2204 45 2236 59
roadstress 2239 27 2329 46
roadstress 2178 1 2212 50
roadstress 2353 30 2389 41
roadstress 2389 0 2446 38
roadstress 2429 53 2444 102
roadstress 2440 144 2456 274
roadstress 2162 73 2169 82
roadstress 2127 80 2167 266
roadstress 2122 223 2129 256
roadstress 1937 262 2117 293
roadstress 1828 299 1879 350
roadstress 1679 193 1770 229
roadstress 1740 148 1801 218
roadstress 1812 350 1896 467
roadstress 1891 287 1935 291
roadstress 1866 295 2073 457
roadstress 2125 264 2135 303
roadstress 2131 299 2145 337
roadstress 2143 341 2176 431
roadstress 2112 436 2123 523
roadstress 2118 434 2178 444
roadstress 2177 435 2205 518
roadstress 2186 415 2376 442
roadstress 1806 467 1914 533
roadstress 1747 595 1916 710
roadstress 1852 572 2100 660
roadstress 1931 587 1968 645
roadstress 1703 557 1733 574
roadstress 2123 521 2133 529
roadstress 2108 530 2124 569
roadstress 2133 517 2197 524
roadstress 2204 519 2235 533
roadstress 2249 540 2405 562
roadstress 2117 564 2149 749
roadstress 2066 611 2129 675
roadstress 2407 507 2421 579
roadstress 1850 720 1916 804
roadstress 1892 781 1920 854
roadstress 1900 851 1957 962
roadstress 1916 756 2063 800
roadstress 2071 739 2295 762
roadstress 2135 753 2166 903
roadstress 2145 754 2153 779
roadstress 2262 710 2421 825
roadstress 2194 767 2273 905
roadstress 1954 903 2167 963
roadstress 1967 977 2005 1096
roadstress 2023 1043 2039 1084
roadstress 2166 905 2216 1062
roadstress 2177 903 2270 933
roadstress 2273 895 2412 909
roadstress 2380 910 2399 1035
roadstress 2463 881 2508 898
roadstress 2448 1008 2576 1038
roadstress 2389 1035 2425 1038
roadstress 2352 1033 2387 1042
roadstress 2355 1037 2388 1050
roadstress 2317 1039 2348 1046
roadstress 2239 1045 2316 1065
roadstress 2214 1058 2240 1066
roadstress 2267 1049 2307 1079
roadstress 2239 1067 2279 1217
roadstress 2001 1082 2082 1098
roadstress 2082 1061 2191 1090
roadstress 1984 1098 2027 1316
roadstress 1863 1081 1995 1100
roadstress 1890 1172 1993 1231
roadstress 2013 1197 2119 1208
roadstress 2279 1162 2319 1167
roadstress 2276 1199 2284 1283
roadstress 2284 1270 2291 1331
roadstress 2268 1201 2284 1309
roadstress 2179 1288 2264 1459
roadstress 2287 1332 2343 1361
roadstress 2205 1345 2278 1359
roadstress 2277 1350 2300 1438
roadstress 2008 1316 2031 1472
roadstress 2059 1279 2152 1324
roadstress 1874 1292 1911 1399
roadstress 1995 1475 2030 1489
roadstress 2039 1474 2138 1490
roadstress 2152 1438 2289 1473
roadstress 2045 1484 2081 1578
roadstress 2289 1392 2493 1447
roadstress 2292 1444 2325 1592
roadstress 2054 1613 2085 1733
roadstress 1848 1671 1938 1684
roadstress 1857 1734 2058 1766
roadstress 2086 1731 2102 1734
roadstress 2322 1595 2330 1611
roadstress 2263 1601 2322 1611
roadstress 2188 1616 2232 1644
roadstress 2171 1628 2183 1636
roadstress 2083 1621 2091 1634
roadstress 1994 1545 2045 1555
roadstress 2024 1556 2048 1651
roadstress 2105 1725 2126 1791
roadstress 1948 1748 1973 1815
roadstress 2325 1610 2338 1644
roadstress 2352 1594 2636 1653
roadstress 2335 1626 2346 1674
roadstress 2309 1674 2337 1690
roadstress 2339 1657 2370 1890
roadstress 1971 1807 2119 1817
roadstress 2127 1787 2216 1803
roadstress 2215 1764 2351 1790
roadstress 2201 1791 2208 1819
roadstress 2021 1819 2040 1861
roadstress 2034 1860 2080 1924
roadstress 2083 1814 2096 1916
roadstress 2366 1888 2497 1908
roadstress 2620 1867 2644 1872
roadstress 2607 1730 2618 1781
roadstress 2601 1773 2610 1864
roadstress 2487 1555 2492 1604
roadstress 2613 1343 2627 1402
roadstress 2623 1380 2653 1383
roadstress 2678 1173 2703 1368
roadstress 2549 1616 2556 1648
roadstress 2063 1924 2069 1968
roadstress 1998 1968 2086 1985
roadstress 2032 1984 2040 2116
roadstress 2083 1913 2127 2069
roadstress 1913 2114 2119 2331
roadstress 2002 2262 2072 2269
roadstress 2075 2286 2104 2329
roadstress 2099 2285 2125 2311
roadstress 2116 2311 2125 2323
roadstress 2065 2101 2110 2138
roadstress 2071 2139 2113 2179
roadstress 2274 1929 2368 2025
roadstress 2207 1860 2240 1895
roadstress 2356 1943 2365 2001
roadstress 2143 2071 2363 2089
roadstress 2360 2034 2373 2115
roadstress 2371 2036 2378 2060
roadstress 2383 2118 2406 2152
roadstress 2329 2182 2342 2221
roadstress 2330 2207 2386 2231
roadstress 2391 2134 2651 2202
roadstress 2489 2158 2503 2250
roadstress 2581 2125 2703 2138
roadstress 2775 1934 2787 2040
roadstress 2785 2059 2816 2283
roadstress 2141 2311 2257 2327
roadstress 2316 2235 2366 2340
roadstress 2260 2296 2328 2316
roadstress 2447 2302 2541 2324
roadstress 2535 2253 2541 2299
roadstress 2548 2286 2794 2335
roadstress 2065 2331 2114 2494
roadstress 2354 2346 2412 2514
roadstress 2424 2435 2432 2490
roadstress 2431 2470 2540 2579
roadstress 2415 2502 2424 2568
roadstress 2691 2332 2708 2422
roadstress 2546 2364 2742 2647
roadstress 2794 2282 2843 2534
roadstress 2063 2499 2068 2559
roadstress 1936 2560 2066 2589
roadstress 2063 2559 2152 2585
roadstress 2139 2581 2180 2591
roadstress 2217 2573 2321 2599
roadstress 2181 2589 2214 2861
roadstress 2417 2595 2461 2677
roadstress 2445 2678 2463 2809
roadstress 2469 2679 2569 2734
roadstress 2557 2577 2601 2701
roadstress 2582 2685 2678 2700
roadstress 2757 2637 2807 2646
roadstress 2742 2578 2769 2742
roadstress 2777 2745 2839 2760
roadstress 2568 2734 2593 2875
roadstress 2029 2866 2194 2894
roadstress 2197 2847 2282 2869
roadstress 2293 2805 2444 2847
roadstress 2445 2807 2486 2920
roadstress 2594 2810 2642 2833
roadstress 2531 2785 2579 2793
roadstress 2491 2876 2607 2914
roadstress 2521 2904 2557 2961
roadstress 2581 2887 2635 3020
roadstress 2758 2757 2768 2798
roadstress 2768 2842 2775 2865
roadstress 2768 2784 2785 2890
roadstress 2797 2943 2907 2961
roadstress 2767 2866 2792 2959
roadstress 2792 2960 2815 3201
roadstress 2811 3077 2869 3088
roadstress 2412 2922 2483 3056
roadstress 2484 2928 2588 3066
roadstress 2179 2882 2196 3060
roadstress 2071 2894 2082 2935
roadstress 2000 3054 2084 3120
roadstress 2150 3054 2237 3080
roadstress 2214 3063 2269 3089
roadstress 2263 3070 2360 3152
roadstress 2350 3059 2400 3084
roadstress 2399 3060 2459 3199
roadstress 2434 3079 2580 3113
roadstress 2529 3027 2552 3084
roadstress 2571 3019 2747 3236
roadstress 2585 3174 2637 3258
roadstress 2633 3211 2767 3241
roadstress 2426 3204 2563 3282
roadstress 2569 3236 2631 3264
roadstress 2634 3259 2652 3322
roadstress 2537 3238 2560 3293
roadstress 2563 3272 2580 3389
roadstress 2556 3257 2574 3261
roadstress 2172 3284 2539 3309
roadstress 2162 3305 2184 3352
roadstress 2530 3300 2539 3392
roadstress 2444 3389 2647 3430
roadstress 2579 3320 2760 3363
roadstress 2642 3326 2652 3403
roadstress 2816 3203 2855 3449
roadstress 2760 3339 2821 3364
roadstress 2759 3361 2855 3455
roadstress 2942 3401 2952 3455
roadstress 2821 3340 2838 3361
roadstress 2837 3333 2911 3354
roadstress 2164 3511 2275 3548
roadstress 2533 3392 2544 3514
roadstress 2279 3479 2535 3529
roadstress 2260 3456 2284 3513
roadstress 2483 3515 2544 3568
roadstress 2534 3522 2558 3629
roadstress 2546 3511 2678 3528
roadstress 2566 3445 2618 3518
roadstress 2646 3407 2678 3510
roadstress 2677 3467 2866 3519
roadstress 2866 3456 2968 3465
roadstress 2679 3514 2709 3613
roadstress 2548 3634 2600 3646
roadstress 2597 3627 2687 3647
roadstress 2591 3597 2610 3627
roadstress 2680 3602 2806 3632
roadstress 2110 3231 2147 3291
