roadstress 1435 1 1470 138
roadstress 1399 54 1440 67
roadstress 1448 127 1457 205
roadstress 1456 142 1488 166
roadstress 1488 146 1548 181
roadstress 1435 164 1473 227
roadstress 1470 182 1646 195
roadstress 1452 190 1549 221
roadstress 1447 216 1464 365
roadstress 1592 144 1733 180
roadstress 1647 154 1690 188
roadstress 1727 2 1775 145
roadstress 1871 11 1933 156
roadstress 1920 2 1986 28
roadstress 1734 147 2187 170
roadstress 1780 161 1827 417
roadstress 1467 357 1676 390
roadstress 1631 374 1682 435
roadstress 1621 434 1661 634
roadstress 1808 421 2093 453
roadstress 1764 438 1810 631
roadstress 2061 168 2085 296
roadstress 2112 437 2240 454
roadstress 2163 187 2223 399
roadstress 1630 646 1734 688
roadstress 1524 603 1634 647
roadstress 1423 602 1497 664
roadstress 1450 641 1630 671
roadstress 1727 631 1773 822
roadstress 1899 480 1912 551
roadstress 2070 510 2090 833
roadstress 1493 881 1680 943
roadstress 1517 793 1556 914
roadstress 1596 824 1631 895
roadstress 1653 782 1726 883
roadstress 1743 822 1788 845
roadstress 1729 831 1745 887
roadstress 1785 826 1875 888
roadstress 1735 831 2086 896
roadstress 1727 889 1751 1032
roadstress 2090 806 2197 836
roadstress 1892 882 1902 1029
roadstress 1713 1030 1773 1170
roadstress 1755 1025 2003 1170
roadstress 1978 920 2019 1078
roadstress 1570 1187 1708 1315
roadstress 1789 1168 1811 1233
roadstress 1777 1123 2298 1273
roadstress 2126 1162 2160 1282
roadstress 1573 1368 1593 1413
roadstress 1594 1358 1657 1386
roadstress 1675 1273 1783 1370
roadstress 1777 1324 1828 1382
roadstress 1729 1356 1809 1498
roadstress 2130 1295 2387 1359
roadstress 1935 1214 2012 1512
roadstress 1993 1342 2128 1384
roadstress 2256 1340 2306 1511
roadstress 2310 1443 2443 1515
roadstress 1621 1507 1665 1526
roadstress 2081 1403 2103 1502
roadstress 1802 1479 1892 1541
roadstress 1862 1501 2298 1559
roadstress 1845 1565 1928 1812
roadstress 2056 1506 2092 1822
roadstress 1779 1711 1883 1762
roadstress 2092 1749 2209 1786
roadstress 2256 1550 2301 1744
roadstress 2000 1657 2057 1661
roadstress 1916 1823 1949 1867
roadstress 1947 1822 2080 1867
roadstress 2079 1826 2176 1907
roadstress 2156 1820 2196 1862
roadstress 2107 1851 2180 1905
roadstress 1880 1866 1943 1978
roadstress 2433 1841 2604 1905
roadstress 2150 1898 2387 1967
roadstress 2141 1905 2183 2032
roadstress 1862 2036 2136 2112
roadstress 2009 2069 2022 2093
roadstress 1999 2081 2122 2244
roadstress 2140 2034 2185 2222
roadstress 2152 2065 2167 2125
roadstress 1778 2070 1861 2094
roadstress 1863 2014 1877 2079
roadstress 1978 2193 2042 2264
roadstress 2428 1900 2478 2134
roadstress 2504 2110 2571 2142
roadstress 2122 2130 2502 2245
roadstress 2175 2156 2214 2218
roadstress 1996 2246 2134 2413
roadstress 2083 2361 2091 2389
roadstress 1904 2414 1999 2469
roadstress 1999 2387 2148 2497
roadstress 2241 2301 2260 2361
roadstress 2531 2277 2566 2437
roadstress 2193 2378 2256 2460
roadstress 2473 2379 2756 2468
roadstress 2361 2308 2411 2445
roadstress 2388 2444 2465 2470
roadstress 2352 2461 2463 2477
roadstress 2132 2473 2331 2519
roadstress 2133 2518 2177 2600
roadstress 2058 2559 2140 2643
roadstress 1975 2581 2123 2701
roadstress 2113 2575 2310 2603
roadstress 2144 2595 2169 2733
roadstress 2072 2736 2150 2781
roadstress 2152 2737 2206 2790
roadstress 2292 2503 2392 2732
roadstress 2263 2639 2330 2650
roadstress 2230 2593 2255 2696
roadstress 2435 2476 2445 2636
roadstress 2206 2730 2391 2790
roadstress 2192 2788 2250 2950
roadstress 2390 2731 2413 2834
roadstress 2380 2770 2404 2886
roadstress 2403 2841 2505 2876
roadstress 2249 2786 2784 2949
roadstress 2248 2958 2306 3152
roadstress 2406 2890 2499 3203
roadstress 2308 3163 2315 3196
roadstress 2578 2849 2613 2949
roadstress 2754 2856 2822 3035
roadstress 2814 3005 2833 3100
roadstress 2304 3193 2497 3210
roadstress 2824 3097 2839 3135
roadstress 2573 3103 2696 3204
roadstress 2497 3204 2507 3270
roadstress 2350 3269 2505 3375
roadstress 2242 3327 2534 3399
roadstress 2700 3136 2841 3214
roadstress 2695 3213 2707 3336
roadstress 2530 3320 2858 3352
roadstress 2514 3272 2525 3323
roadstress 2839 3138 2873 3252
roadstress 2855 3294 2946 3317
roadstress 2220 3414 2305 3646
roadstress 2358 3399 2424 3560
roadstress 2529 3334 2611 3609
roadstress 2456 3606 2609 3647
roadstress 2706 3363 2713 3389
roadstress 2813 3535 2940 3646
roadstress 2961 3524 3052 3541
