roadstress 207 174 273 363
roadstress 65 367 144 388
roadstress 142 353 226 440
roadstress 210 420 225 487
roadstress 247 284 410 558
roadstress 66 553 206 710
roadstress 268 557 413 720
roadstress 258 516 353 558
roadstress 170 613 198 640
roadstress 58 752 254 859
roadstress 406 960 416 1006
roadstress 413 559 554 595
roadstress 411 570 429 654
roadstress 422 107 459 151
roadstress 428 100 451 158
roadstress 269 255 548 330
roadstress 441 221 463 294
roadstress 531 224 557 311
roadstress 530 62 620 126
roadstress 549 120 624 334
roadstress 622 1 663 67
roadstress 625 0 682 126
roadstress 548 332 676 421
roadstress 563 324 684 348
roadstress 763 0 781 120
roadstress 685 121 780 342
roadstress 714 265 747 293
roadstress 751 189 761 235
roadstress 675 350 717 501
roadstress 693 298 775 389
roadstress 689 324 769 354
roadstress 504 501 715 767
roadstress 417 658 434 722
roadstress 680 561 700 620
roadstress 683 664 841 707
roadstress 717 499 854 696
roadstress 775 321 918 358
roadstress 891 253 938 340
roadstress 936 203 1005 299
roadstress 810 474 929 543
roadstress 828 487 920 562
roadstress 914 338 1034 468
roadstress 937 386 978 468
roadstress 923 466 999 555
roadstress 984 547 1023 634
roadstress 992 535 1125 629
roadstress 1033 308 1255 348
roadstress 1007 1 1155 192
roadstress 1002 75 1068 197
roadstress 867 0 899 117
roadstress 1129 89 1156 98
roadstress 825 709 858 912
roadstress 689 996 961 1093
roadstress 840 689 1132 778
roadstress 1212 336 1265 501
roadstress 1250 299 1274 326
roadstress 1087 296 1175 315
roadstress 1232 328 1282 503
roadstress 1058 501 1252 737
roadstress 859 731 936 824
roadstress 945 837 1042 879
roadstress 1041 731 1217 996
roadstress 928 973 1021 1073
roadstress 1220 3 1424 146
roadstress 1301 8 1328 84
roadstress 1313 72 1353 132
roadstress 1350 142 1353 155
roadstress 1295 139 1303 180
roadstress 1292 276 1451 314
roadstress 1448 325 1459 471
roadstress 1424 359 1520 365
roadstress 1333 234 1345 332
roadstress 1405 104 1569 156
roadstress 1546 157 1655 177
roadstress 1238 512 1247 584
roadstress 1214 748 1383 817
roadstress 1249 507 1401 735
roadstress 1310 474 1446 519
roadstress 1476 435 1579 469
roadstress 1448 463 1478 485
roadstress 1474 479 1658 512
roadstress 1625 2 1657 149
roadstress 1651 148 1738 499
roadstress 1659 500 1797 554
roadstress 1693 203 1936 228
roadstress 1836 128 1864 205
roadstress 1145 1146 1200 1206
roadstress 1342 799 1516 865
roadstress 1382 712 1472 807
roadstress 1404 744 1519 776
roadstress 1503 755 1548 832
roadstress 1515 829 1541 848
roadstress 1526 751 1561 785
roadstress 1559 623 1582 720
roadstress 1531 829 1658 933
roadstress 1301 862 1344 984
roadstress 1091 1123 1108 1144
roadstress 1201 1150 1234 1180
roadstress 1219 1171 1250 1190
roadstress 1331 1009 1344 1112
roadstress 1328 1163 1397 1225
roadstress 1392 1224 1614 1304
roadstress 1436 1176 1442 1244
roadstress 1368 1258 1440 1412
roadstress 1656 508 1685 832
roadstress 1677 508 1719 580
roadstress 1304 984 1640 1059
roadstress 1646 854 1698 1053
roadstress 1641 1057 1657 1177
roadstress 1611 1111 1635 1182
roadstress 1546 1185 1656 1197
roadstress 1642 1171 1671 1293
roadstress 1660 1192 1795 1239
roadstress 1657 1363 1808 1395
roadstress 1712 1394 1769 1461
roadstress 1723 1453 1745 1514
roadstress 1676 1508 1776 1635
roadstress 1769 1472 1825 1536
roadstress 1897 0 1918 203
roadstress 1841 129 1899 142
roadstress 1935 215 2006 346
roadstress 1906 334 1948 342
roadstress 1796 418 1833 538
roadstress 1689 503 1956 615
roadstress 1902 513 1955 608
roadstress 1656 835 1734 861
roadstress 1735 734 1780 855
roadstress 1760 721 1844 808
roadstress 1742 855 1858 939
roadstress 1852 551 1914 838
roadstress 1897 790 1964 851
roadstress 1858 844 1985 936
roadstress 1860 936 1869 976
roadstress 1871 993 1917 1112
roadstress 1891 992 1976 1023
roadstress 1892 1111 1904 1221
roadstress 1815 1216 1894 1285
roadstress 1799 1280 1844 1384
roadstress 1801 1386 2035 1483
roadstress 1803 1324 1983 1405
roadstress 2073 0 2125 138
roadstress 2027 101 2078 192
roadstress 1965 181 2110 234
roadstress 1992 338 2027 482
roadstress 1955 483 2013 510
roadstress 2014 491 2191 651
roadstress 2088 548 2201 629
roadstress 2189 630 2214 720
roadstress 2086 7 2125 35
roadstress 2141 22 2178 82
roadstress 2167 0 2262 196
roadstress 2129 110 2172 152
roadstress 2111 164 2132 338
roadstress 2118 183 2234 245
roadstress 2133 136 2192 179
roadstress 2318 0 2362 32
roadstress 2262 33 2340 47
roadstress 2233 241 2306 280
roadstress 2026 343 2280 360
roadstress 2217 349 2314 381
roadstress 2257 380 2284 479
roadstress 2330 87 2510 409
roadstress 2425 50 2616 185
roadstress 2434 179 2503 222
roadstress 2315 323 2454 351
roadstress 2376 348 2459 353
roadstress 2467 346 2562 633
roadstress 2514 0 2548 50
roadstress 2605 52 2641 274
roadstress 2565 267 2668 397
roadstress 2616 50 2647 56
roadstress 2687 56 2736 76
roadstress 2689 77 2731 180
roadstress 2660 182 2687 253
roadstress 2668 314 2827 358
roadstress 2901 0 2923 79
roadstress 2918 0 2943 77
roadstress 2899 92 2917 148
roadstress 2910 71 2953 115
roadstress 2906 119 2963 322
roadstress 2826 329 2907 623
roadstress 2199 480 2279 616
roadstress 2280 481 2479 557
roadstress 2804 607 2821 627
roadstress 2514 567 2597 578
roadstress 2494 611 2820 655
roadstress 2039 720 2198 975
roadstress 2078 720 2187 731
roadstress 2201 710 2447 748
roadstress 2281 751 2300 892
roadstress 2445 640 2498 730
roadstress 2458 721 2535 807
roadstress 2476 673 2491 751
roadstress 2826 118 2900 356
roadstress 2826 644 3014 725
roadstress 2782 660 2818 889
roadstress 2726 758 2786 770
roadstress 2793 681 2832 749
roadstress 2652 657 2677 969
roadstress 2767 878 2795 981
roadstress 1972 998 2171 1035
roadstress 2182 923 2286 1029
roadstress 2278 926 2399 1081
roadstress 2258 933 2332 1023
roadstress 2342 979 2434 1012
roadstress 2352 1058 2479 1203
roadstress 2668 970 2831 1006
roadstress 2628 973 2672 1029
roadstress 2718 989 2732 1065
roadstress 2718 1068 2899 1138
roadstress 2607 1082 2664 1146
roadstress 2665 1145 2682 1305
roadstress 2652 1146 2666 1302
roadstress 1868 1267 2101 1434
roadstress 1995 1180 2152 1293
roadstress 2169 1023 2190 1082
roadstress 2189 1102 2223 1110
roadstress 2260 1117 2294 1262
roadstress 2681 1138 2704 1300
roadstress 2675 1083 2780 1136
roadstress 1901 1596 2013 1688
roadstress 2008 1523 2051 1635
roadstress 2002 1635 2044 1666
roadstress 1755 1553 1884 1615
roadstress 1997 1439 2110 1567
roadstress 2101 1381 2126 1453
roadstress 2018 1392 2053 1461
roadstress 2053 1512 2166 1542
roadstress 2121 1324 2258 1446
roadstress 2114 1446 2237 1579
roadstress 2286 1264 2432 1331
roadstress 2347 1228 2363 1285
roadstress 2537 1195 2620 1306
roadstress 2180 1447 2267 1457
roadstress 2223 1576 2233 1640
roadstress 2234 1569 2305 1664
roadstress 2248 1482 2408 1577
roadstress 2390 1406 2409 1484
roadstress 2650 1302 2663 1416
roadstress 2522 1474 2610 1486
roadstress 2526 1479 2547 1517
roadstress 2225 1635 2369 1719
roadstress 2204 1640 2238 1681
roadstress 2262 1698 2321 1772
roadstress 1962 1654 2000 1745
roadstress 2044 1666 2087 1725
roadstress 1952 1819 2118 1972
roadstress 2115 1825 2165 1865
roadstress 2626 1428 2645 1500
roadstress 2897 1310 3009 1361
roadstress 2484 1615 2606 1633
roadstress 2603 1511 2626 1661
roadstress 2631 1501 3055 1543
roadstress 2605 1604 2623 1667
roadstress 2157 1811 2206 1864
roadstress 2422 1729 2547 1844
roadstress 2583 1817 2796 1847
roadstress 2585 1655 2611 1833
roadstress 2335 1912 2359 2176
roadstress 2279 2176 2341 2246
roadstress 2235 2246 2279 2342
roadstress 2557 1847 2585 2138
roadstress 2339 2179 2480 2213
roadstress 2477 2154 2529 2205
roadstress 2569 2111 2850 2153
roadstress 2546 2128 2654 2226
roadstress 2529 2154 2561 2162
roadstress 2137 2356 2246 2373
roadstress 2145 2368 2167 2407
roadstress 2374 2341 2413 2446
roadstress 2235 2345 2405 2358
roadstress 2219 2412 2253 2452
roadstress 2253 2447 2321 2455
roadstress 2239 2443 2252 2568
roadstress 2214 2536 2238 2538
roadstress 2156 2453 2178 2504
roadstress 2182 2564 2228 2572
roadstress 2331 2445 2401 2454
roadstress 2464 2212 2486 2322
roadstress 2398 2437 2632 2449
roadstress 2697 2322 2703 2435
roadstress 2239 2568 2271 2664
roadstress 2258 2658 2280 2750
roadstress 2262 2680 2269 2714
roadstress 2533 2490 2588 2646
roadstress 2313 2644 2570 2700
roadstress 2570 2641 2586 2646
roadstress 2588 2626 2883 2656
roadstress 2256 2743 2275 2825
roadstress 2269 2784 2288 2872
roadstress 2571 2665 2583 2807
roadstress 2319 2902 2444 2923
roadstress 2808 2713 2815 2865
roadstress 2613 2886 2944 2908
roadstress 2482 2880 2577 2917
roadstress 2306 3107 2532 3203
roadstress 2535 3106 2638 3155
roadstress 2629 3057 2657 3315
roadstress 2594 3312 2657 3483
roadstress 2279 3215 2309 3396
roadstress 2245 3396 2310 3407
roadstress 2308 3404 2339 3483
roadstress 2754 3334 2806 3485
roadstress 2787 3331 2856 3357
roadstress 2316 3467 2330 3546
roadstress 2323 3484 2360 3501
roadstress 2339 3491 2422 3524
roadstress 2427 3527 2522 3535
roadstress 2524 3501 2557 3536
roadstress 2605 3483 2783 3497
roadstress 2677 3521 2698 3645
roadstress 3035 3499 3081 3645
roadstress 2309 3529 2444 3572
roadstress 2851 985 2890 1017
roadstress 2963 2622 2978 2765
roadstress 2803 3473 3019 3495
