roadstress 1930 19 2293 282
roadstress 2313 1 2402 59
roadstress 2284 1 2429 293
roadstress 2740 92 2789 182
roadstress 2617 270 2694 424
roadstress 2601 419 2620 442
roadstress 2286 286 2307 312
roadstress 2282 300 2615 439
roadstress 2172 303 2283 536
roadstress 1879 286 1904 369
roadstress 1709 390 1849 423
roadstress 1944 452 2171 538
roadstress 2165 538 2413 686
roadstress 2430 426 2499 596
roadstress 2407 688 2464 846
roadstress 1928 632 1989 712
roadstress 2007 657 2049 720
roadstress 1863 775 2023 839
roadstress 2073 832 2338 914
roadstress 2201 1092 2228 1164
roadstress 1558 855 1766 985
roadstress 1768 990 1942 1224
roadstress 1479 1111 1557 1134
roadstress 1590 1081 1628 1115
roadstress 1629 1116 1667 1135
roadstress 1668 1134 1692 1144
roadstress 1706 1174 1736 1185
roadstress 1751 1187 1890 1271
roadstress 1932 1198 1949 1266
roadstress 1896 1286 1926 1403
roadstress 1932 1395 2269 1481
roadstress 2130 1462 2193 1479
roadstress 1910 1360 1931 1393
roadstress 1780 1395 1933 1459
roadstress 1585 1209 1784 1446
roadstress 1695 1462 1749 1616
roadstress 1757 1521 1774 1634
roadstress 2095 1436 2098 1452
roadstress 2059 1465 2099 1635
roadstress 1606 1617 1696 1635
roadstress 1700 1615 1774 1760
roadstress 1379 1674 1600 1726
roadstress 1737 1766 2097 1793
roadstress 1309 1771 1678 1833
roadstress 1797 1781 1811 1865
roadstress 1722 1865 2047 1886
roadstress 1677 1832 1839 2062
roadstress 1500 1912 1526 2026
roadstress 1762 2065 1783 2140
roadstress 1465 2032 1490 2167
roadstress 1480 2063 1641 2202
roadstress 1647 2145 1768 2205
roadstress 1739 2180 1763 2386
roadstress 1755 2255 1811 2261
roadstress 1623 2203 1658 2397
roadstress 1649 2059 1708 2123
roadstress 1482 2167 1547 2184
roadstress 1452 2216 1464 2303
roadstress 1445 2291 1497 2392
roadstress 1486 2344 1623 2413
roadstress 1282 2162 1407 2189
roadstress 1623 2387 1741 2521
roadstress 1725 2388 1743 2529
roadstress 1743 2452 1800 2463
roadstress 1407 2389 1449 2461
roadstress 1547 2384 1573 2411
roadstress 1485 2497 1607 2527
roadstress 1408 2461 1458 2594
roadstress 1617 2522 1713 2656
roadstress 1317 2617 1492 2640
roadstress 1606 2554 1698 2752
roadstress 1556 2613 1601 2625
roadstress 1476 2635 1495 2839
roadstress 1491 2696 1643 2748
roadstress 1899 2786 1926 2884
roadstress 1762 2784 1895 2807
roadstress 1525 2792 1754 2857
roadstress 1626 2729 1736 2777
roadstress 1643 2770 1661 2845
roadstress 1545 2767 1554 2838
roadstress 1432 2841 1527 2851
roadstress 1542 2857 1558 3032
roadstress 1600 2854 1604 2919
roadstress 1698 2852 1712 3051
roadstress 1322 2840 1382 2862
roadstress 1365 2911 1386 3024
roadstress 1384 2976 1548 2992
roadstress 1533 3032 1559 3052
roadstress 1299 3015 1385 3034
roadstress 1385 3024 1534 3051
roadstress 1563 3030 1590 3039
roadstress 1583 2983 1664 3037
roadstress 1617 3013 1629 3038
roadstress 1537 3053 1565 3065
roadstress 1576 3039 1600 3079
roadstress 1603 3019 1998 3073
roadstress 1602 3070 1647 3092
roadstress 1596 3055 1604 3193
roadstress 1497 3101 1531 3197
roadstress 1830 3067 1872 3177
roadstress 1367 3187 1383 3214
roadstress 1532 3189 1589 3217
roadstress 1384 3188 1568 3267
roadstress 1454 3192 1481 3325
roadstress 1362 3212 1384 3261
roadstress 1564 3256 1606 3320
roadstress 1607 3101 1624 3280
roadstress 1473 3268 1569 3291
roadstress 1386 3324 1496 3362
roadstress 1460 3329 1478 3395
roadstress 1507 3336 1586 3440
roadstress 1580 3302 1613 3383
roadstress 1586 3372 1695 3448
roadstress 1456 3395 1471 3485
roadstress 1471 3415 1583 3445
roadstress 1584 3450 1607 3560
roadstress 1585 3562 1600 3648
roadstress 1612 3330 1810 3373
roadstress 1820 3270 1937 3384
roadstress 1835 3382 1907 3506
roadstress 1883 3441 1965 3644
roadstress 1879 3625 1958 3646
roadstress 1609 3488 1653 3535
