roadstress 2214 0 2254 229
roadstress 2357 -1 2405 244
roadstress 2036 0 2063 241
roadstress 1684 186 2069 265
roadstress 2076 224 2359 276
roadstress 1861 212 1889 337
roadstress 1698 259 1709 386
roadstress 1708 337 1867 388
roadstress 1703 386 1724 443
roadstress 2073 267 2241 327
roadstress 1683 452 1719 521
roadstress 2056 265 2075 392
roadstress 2066 389 2250 443
roadstress 1706 486 1730 671
roadstress 1888 161 1895 175
roadstress 1862 339 1877 409
roadstress 1899 427 1964 473
roadstress 2063 393 2093 725
roadstress 1894 626 1909 730
roadstress 1598 730 1948 758
roadstress 1948 702 2260 734
roadstress 1981 737 2096 766
roadstress 2037 764 2075 782
roadstress 2088 746 2097 838
roadstress 2062 782 2072 893
roadstress 2072 879 2112 995
roadstress 2085 862 2268 886
roadstress 2243 442 2250 478
roadstress 2245 488 2263 639
roadstress 2256 662 2280 812
roadstress 2271 814 2293 874
roadstress 2267 875 2314 941
roadstress 2112 988 2196 1005
roadstress 2192 962 2205 1059
roadstress 2281 909 2378 1077
roadstress 1613 989 1649 995
roadstress 1723 1146 1836 1164
roadstress 1838 1132 2018 1158
roadstress 1968 973 2004 1132
roadstress 1940 1140 2064 1176
roadstress 2064 1136 2287 1180
roadstress 2111 1038 2123 1134
roadstress 2158 1060 2303 1097
roadstress 2332 976 2455 1133
roadstress 2373 985 2463 1094
roadstress 2274 1053 2387 1124
roadstress 2254 1074 2283 1148
roadstress 2259 1180 2379 1306
roadstress 2293 1306 2304 1328
roadstress 1980 1177 2014 1310
roadstress 1828 1155 1842 1298
roadstress 1726 1270 1860 1335
roadstress 1964 1208 2207 1322
roadstress 2121 1299 2130 1346
roadstress 2233 1256 2505 1436
roadstress 1847 1356 1858 1434
roadstress 1757 1420 2241 1473
roadstress 2125 1353 2137 1419
roadstress 2158 1451 2178 1587
roadstress 2241 1435 2324 1613
roadstress 2309 1402 2448 1511
roadstress 2443 1407 2479 1463
roadstress 2315 1603 2339 1631
roadstress 2174 1615 2554 1677
roadstress 1847 1473 1871 1716
roadstress 1676 1704 1942 1735
roadstress 1930 1699 2152 1729
roadstress 2097 1714 2188 1866
roadstress 2182 1849 2332 1873
roadstress 2332 1660 2461 1853
roadstress 2130 1868 2183 2181
roadstress 2327 1852 2373 2171
roadstress 2009 1896 2164 1925
roadstress 2181 2031 2239 2053
roadstress 1742 2101 2091 2173
roadstress 1888 2137 1914 2313
roadstress 2099 2131 2137 2175
roadstress 1925 1975 1955 2101
roadstress 2101 2169 2378 2204
roadstress 2074 2197 2119 2305
roadstress 1768 2305 2073 2333
roadstress 1985 2313 2077 2520
roadstress 2081 2300 2180 2354
roadstress 2182 2197 2206 2504
roadstress 1795 2468 2305 2543
roadstress 2321 2359 2388 2496
roadstress 2369 2259 2476 2404
roadstress 2470 2257 2587 2277
roadstress 2308 2197 2396 2265
roadstress 1607 188 1687 211
roadstress 1819 2164 1833 2198
roadstress 2113 2540 2202 2701
roadstress 2201 2691 2351 2729
roadstress 2330 2571 2385 2655
roadstress 2388 2402 2587 2440
roadstress 2340 2476 2595 2719
roadstress 2575 2492 2596 2635
roadstress 2173 2703 2205 2839
roadstress 2331 2719 2358 2870
roadstress 1843 2836 2344 2878
roadstress 2187 2862 2276 2924
roadstress 2269 2872 2284 2903
roadstress 2312 2878 2337 2928
roadstress 2336 2867 2587 2904
roadstress 2324 2898 2424 2977
roadstress 2436 2894 2482 2994
roadstress 2515 2889 2534 3007
roadstress 2584 2695 2611 2783
roadstress 2585 2783 2615 3015
roadstress 2280 2929 2316 3075
roadstress 2286 3075 2428 3150
roadstress 2396 3125 2607 3221
roadstress 2160 3065 2289 3310
roadstress 2289 3147 2396 3343
roadstress 1913 2866 1975 3160
roadstress 1847 3229 2359 3416
roadstress 2273 3404 2523 3428
roadstress 2418 3421 2507 3516
roadstress 2081 3345 2191 3586
roadstress 2462 3516 2498 3612
roadstress 1734 3500 2196 3623
roadstress 2189 3582 2456 3627
roadstress 2392 3595 2498 3627
roadstress 2169 3624 2183 3643
roadstress 2357 3618 2384 3646
roadstress 2460 3623 2468 3646
roadstress 1902 3277 1934 3407
roadstress 1767 1934 1844 1978
roadstress 1961 3570 1986 3643
roadstress 1849 3392 1877 3520
roadstress 2079 3149 2093 3246
roadstress 2463 1890 2565 1913
roadstress 2537 2073 2577 2088
roadstress 2538 2197 2584 2211
roadstress 2156 1670 2165 1697
roadstress 2409 1298 2421 1317
