roadstress 1751 3 1773 95
roadstress 1597 79 1746 159
roadstress 1525 61 1582 150
roadstress 1816 164 1923 220
roadstress 1761 82 1806 163
roadstress 1777 66 1786 107
roadstress 1476 164 1560 200
roadstress 1923 0 1937 189
roadstress 2068 0 2078 108
roadstress 1937 73 2125 123
roadstress 1921 189 1928 342
roadstress 2092 123 2117 365
roadstress 2121 121 2223 151
roadstress 2220 103 2251 265
roadstress 2227 257 2245 359
roadstress 2074 341 2096 361
roadstress 2244 58 2253 98
roadstress 1935 344 2110 373
roadstress 2111 358 2239 378
roadstress 2101 376 2117 420
roadstress 2054 420 2107 528
roadstress 1947 521 2051 535
roadstress 1765 459 1947 528
roadstress 1699 487 1766 499
roadstress 1441 447 1696 503
roadstress 1920 345 1927 411
roadstress 2053 530 2087 728
roadstress 2085 583 2178 610
roadstress 2172 405 2309 720
roadstress 2080 707 2175 764
roadstress 2286 701 2320 709
roadstress 2039 713 2084 774
roadstress 1905 497 1922 754
roadstress 1741 493 1785 617
roadstress 1739 718 1905 765
roadstress 1910 751 2039 771
roadstress 1684 705 1734 750
roadstress 1690 550 1699 675
roadstress 1581 732 1684 779
roadstress 1725 750 1744 876
roadstress 1760 766 1766 800
roadstress 1607 867 1887 933
roadstress 1742 882 1766 1014
roadstress 2042 774 2052 868
roadstress 2176 969 2218 982
roadstress 2268 958 2312 970
roadstress 1517 1009 1873 1029
roadstress 1894 754 1908 1006
roadstress 1874 1002 1964 1028
roadstress 1634 928 1639 985
roadstress 1753 1023 1784 1103
roadstress 1725 1098 1763 1103
roadstress 1749 1104 1763 1149
roadstress 1564 1091 1752 1114
roadstress 1717 1135 1759 1172
roadstress 1758 1113 1961 1175
roadstress 2257 1080 2310 1098
roadstress 2172 1099 2253 1121
roadstress 1726 1173 1772 1321
roadstress 1565 1282 1702 1329
roadstress 1698 1282 1746 1406
roadstress 1758 1237 1824 1385
roadstress 1818 1255 1884 1306
roadstress 1515 1408 1718 1420
roadstress 1717 1385 1805 1417
roadstress 1824 1382 1846 1420
roadstress 1718 1417 1758 1480
roadstress 1783 1388 1805 1551
roadstress 1811 1401 2062 1489
roadstress 2038 1392 2048 1466
roadstress 2125 1388 2137 1403
roadstress 2043 1402 2161 1483
roadstress 1770 1498 1780 1503
roadstress 1829 1433 1858 1572
roadstress 2053 1488 2072 1635
roadstress 1846 1575 2055 1597
roadstress 1788 1545 1833 1558
roadstress 1729 1557 1797 1572
roadstress 1676 1560 1736 1575
roadstress 1635 1528 1677 1763
roadstress 1722 1573 1742 1779
roadstress 1801 1595 1847 1773
roadstress 2073 1623 2182 1643
roadstress 2049 1636 2073 1707
roadstress 1981 1706 2052 1723
roadstress 2012 1662 2023 1712
roadstress 2050 1707 2059 1833
roadstress 2012 1715 2019 1839
roadstress 2019 1830 2069 1844
roadstress 1731 1766 1803 1782
roadstress 1787 1773 1805 1819
roadstress 1635 1762 1732 1783
roadstress 1349 1748 1646 1769
roadstress 1724 1783 1734 1843
roadstress 1721 1844 1785 1960
roadstress 1786 1865 1829 1958
roadstress 1909 1837 2022 1888
roadstress 2033 1843 2069 2011
roadstress 1866 1883 1869 1917
roadstress 1601 1951 1719 1989
roadstress 1720 1970 1809 2004
roadstress 1820 1997 2167 2055
roadstress 2128 1733 2255 1891
roadstress 2187 1999 2261 2033
roadstress 2197 2102 2213 2211
roadstress 2035 2012 2043 2042
roadstress 2060 2062 2077 2126
roadstress 1788 2017 1839 2149
roadstress 2043 2135 2069 2259
roadstress 2038 2207 2044 2261
roadstress 1805 2192 2038 2212
roadstress 2040 2265 2052 2321
roadstress 1664 2165 1683 2287
roadstress 1699 2022 1716 2052
roadstress 1770 2156 1796 2238
roadstress 1549 2285 1719 2299
roadstress 1714 2267 1778 2292
roadstress 1731 2285 1737 2301
roadstress 1765 2260 1795 2299
roadstress 1713 2295 1850 2308
roadstress 1905 2294 2040 2324
roadstress 2051 2308 2173 2332
roadstress 2173 2284 2256 2302
roadstress 1341 2290 1391 2301
roadstress 1693 2303 1735 2407
roadstress 1864 2310 1899 2316
roadstress 1660 2297 1736 2486
roadstress 1821 2308 1850 2459
roadstress 2047 2333 2063 2402
roadstress 1748 2393 1807 2500
roadstress 1738 2487 1804 2527
roadstress 1627 2446 1677 2474
roadstress 2041 2385 2054 2497
roadstress 1816 2490 2118 2518
roadstress 1799 2510 1831 2523
roadstress 1822 2459 1834 2476
roadstress 1986 2322 2001 2368
roadstress 1996 2376 2004 2499
roadstress 1748 2527 1795 2620
roadstress 2028 2517 2048 2602
roadstress 2113 2518 2227 2601
roadstress 2087 2564 2092 2590
roadstress 2035 2591 2188 2658
roadstress 1902 2597 2036 2622
roadstress 2014 2622 2030 2671
roadstress 1827 2507 1847 2652
roadstress 2057 2507 2086 2546
roadstress 1668 2533 1739 2603
roadstress 1769 2648 1829 2771
roadstress 1999 2669 2024 2690
roadstress 2025 2674 2154 2773
roadstress 1990 2692 2020 2786
roadstress 2140 2697 2163 2728
roadstress 1990 2721 2200 2804
roadstress 2168 2737 2217 2771
roadstress 1897 2784 2218 2792
roadstress 2013 2793 2024 2835
roadstress 2019 2803 2120 2832
roadstress 2194 2742 2243 2773
roadstress 2198 2787 2256 2815
roadstress 1885 2831 2238 2864
roadstress 1788 2741 1802 2804
roadstress 1790 2802 1881 2863
roadstress 1717 2798 1791 2834
roadstress 1794 2860 1885 2911
roadstress 1779 2812 1792 2895
roadstress 1583 2780 1606 2882
roadstress 1754 2890 1793 2910
roadstress 1326 2882 1657 2920
roadstress 1655 2889 1745 2912
roadstress 1335 2904 1372 2959
roadstress 1971 2850 1980 2890
roadstress 2065 2854 2113 2950
roadstress 2112 2888 2234 2909
roadstress 1973 2898 2021 2945
roadstress 1967 2902 1976 3116
roadstress 2019 2906 2122 3091
roadstress 2119 3088 2136 3126
roadstress 1778 2912 1788 3007
roadstress 1783 3007 1965 3033
roadstress 1746 3007 1783 3091
roadstress 1878 3093 1969 3119
roadstress 1738 3076 1762 3298
roadstress 1601 3103 1739 3126
roadstress 1964 3115 1986 3237
roadstress 2011 3075 2028 3137
roadstress 2001 3141 2021 3198
roadstress 2020 3187 2063 3200
roadstress 2063 3182 2095 3191
roadstress 2091 3111 2233 3187
roadstress 1502 3086 1531 3376
roadstress 1392 3157 1504 3175
roadstress 1623 3173 1659 3367
roadstress 1428 3358 1598 3395
roadstress 1597 3352 1652 3387
roadstress 1342 3360 1430 3375
roadstress 1653 3351 1743 3375
roadstress 1679 3375 1686 3412
roadstress 1983 3201 2020 3272
roadstress 1967 3246 1979 3282
roadstress 1741 3274 1971 3308
roadstress 1737 3309 1750 3358
roadstress 1788 3305 1797 3361
roadstress 1964 3286 1998 3325
roadstress 1996 3288 2077 3324
roadstress 2060 3287 2125 3300
roadstress 1983 3325 2007 3435
roadstress 2162 3323 2243 3344
roadstress 2198 3343 2204 3358
roadstress 1734 3366 1753 3548
roadstress 1755 3365 1880 3431
roadstress 1880 3427 2012 3451
roadstress 2010 3438 2039 3479
roadstress 1841 3432 1882 3614
roadstress 1988 3450 2002 3491
roadstress 1900 3489 2014 3523
roadstress 2006 3501 2016 3609
roadstress 1893 3607 2076 3617
roadstress 1737 3538 1851 3554
roadstress 1741 3608 1884 3639
roadstress 1718 3553 1742 3645
roadstress 1539 3531 1719 3557
roadstress 1515 3550 1539 3623
roadstress 1434 3516 1539 3553
roadstress 1434 3404 1448 3520
roadstress 1429 2479 1447 2665
roadstress 1391 2768 1503 2786
roadstress 1500 2884 1572 2910
