roadstress 1648 1 1659 40
roadstress 1658 37 1697 141
roadstress 1692 141 1739 392
roadstress 1694 96 1856 144
roadstress 1839 0 1857 84
roadstress 1866 0 1871 38
roadstress 1857 53 1987 81
roadstress 1855 23 2328 103
roadstress 1856 103 1919 452
roadstress 1722 389 1908 415
roadstress 1553 526 1688 578
roadstress 1617 546 1629 563
roadstress 1747 479 1917 577
roadstress 1678 535 1686 553
roadstress 1751 480 1931 596
roadstress 1615 599 1829 892
roadstress 1758 612 1809 807
roadstress 2213 111 2246 272
roadstress 2028 336 2115 565
roadstress 2114 382 2264 444
roadstress 1941 557 2310 583
roadstress 2106 593 2113 614
roadstress 1933 538 1940 577
roadstress 1939 580 1986 816
roadstress 2246 259 2286 506
roadstress 1607 852 1630 974
roadstress 1811 823 1828 839
roadstress 1821 825 1974 844
roadstress 1967 819 1993 980
roadstress 1991 842 2067 852
roadstress 1857 963 2041 1019
roadstress 1720 883 1841 988
roadstress 1707 902 1722 972
roadstress 1678 985 1701 1040
roadstress 2045 779 2323 963
roadstress 2290 741 2337 758
roadstress 1701 1044 1719 1079
roadstress 1634 1006 1649 1062
roadstress 1649 1040 1689 1065
roadstress 1685 1088 1837 1319
roadstress 1662 1140 1699 1148
roadstress 1770 1076 1943 1307
roadstress 1696 1316 1830 1350
roadstress 2040 968 2169 1135
roadstress 2330 756 2357 959
roadstress 2168 1067 2394 1139
roadstress 2387 984 2448 1232
roadstress 2072 1141 2179 1273
roadstress 2187 1195 2203 1257
roadstress 1839 1271 2051 1329
roadstress 2281 1223 2502 1247
roadstress 2167 1242 2277 1290
roadstress 1830 1321 1929 1486
roadstress 1932 1448 2062 1469
roadstress 2085 1273 2103 1457
roadstress 2109 1435 2402 1467
roadstress 1911 1499 1946 1681
roadstress 1947 1509 1989 1611
roadstress 2113 1476 2144 1638
roadstress 1927 1639 2140 1701
roadstress 1737 1660 1921 1693
roadstress 1918 1680 1926 1742
roadstress 1831 1743 1994 1800
roadstress 2143 1638 2167 1781
roadstress 2385 1500 2416 1590
roadstress 2324 1611 2338 1742
roadstress 2324 1711 2618 1761
roadstress 2318 1744 2392 1757
roadstress 2171 1754 2323 1805
roadstress 2168 1776 2209 1801
roadstress 1822 1790 2156 1900
roadstress 2169 1801 2175 1822
roadstress 2173 1811 2192 1845
roadstress 2182 1841 2198 1956
roadstress 2178 1944 2317 2016
roadstress 2158 2003 2179 2017
roadstress 2043 2018 2143 2070
roadstress 1788 1899 1882 2252
roadstress 1835 1897 1871 1939
roadstress 1836 2021 1882 2037
roadstress 1860 2032 1903 2069
roadstress 1889 2022 1922 2037
roadstress 1835 2072 1926 2104
roadstress 1911 2101 1931 2150
roadstress 1893 2124 1908 2204
roadstress 2368 1844 2385 2055
roadstress 2179 2017 2222 2097
roadstress 2219 2077 2335 2098
roadstress 2044 2068 2053 2150
roadstress 1881 2229 1946 2247
roadstress 1935 2156 1947 2229
roadstress 2455 2018 2660 2057
roadstress 2401 2074 2446 2223
roadstress 2218 2096 2253 2337
roadstress 1948 2062 2041 2083
roadstress 1948 2230 2110 2345
roadstress 2084 2251 2114 2300
roadstress 1923 2288 2019 2522
roadstress 1979 2343 2107 2410
roadstress 1862 2366 1944 2392
roadstress 2253 2334 2289 2512
roadstress 2472 2153 2527 2405
roadstress 2562 2252 2721 2400
roadstress 2590 2392 2706 2402
roadstress 2320 2404 2510 2496
roadstress 1900 2522 2117 2543
roadstress 1995 2499 2009 2526
roadstress 2009 2477 2047 2527
roadstress 2115 2545 2129 2567
roadstress 2128 2512 2285 2568
roadstress 1961 2539 2047 2684
roadstress 2155 2564 2187 2730
roadstress 2323 2495 2367 2746
roadstress 2115 2643 2170 2681
roadstress 2040 2678 2118 2690
roadstress 2444 2525 2482 2636
roadstress 2368 2659 2765 2695
roadstress 2045 2688 2057 2740
roadstress 2132 2728 2356 2788
roadstress 2129 2766 2156 2771
roadstress 2117 2685 2129 2841
roadstress 2006 2844 2126 2858
roadstress 2128 2841 2151 2894
roadstress 2354 2750 2369 2828
roadstress 2343 2769 2360 2932
roadstress 2661 2668 2705 2837
roadstress 2077 2899 2159 2983
roadstress 2166 2900 2211 2982
roadstress 2207 2928 2399 2987
roadstress 2175 2987 2216 3077
roadstress 2432 2944 2475 3072
roadstress 2371 3007 2452 3174
roadstress 2222 3170 2373 3184
roadstress 2461 2892 2643 2971
roadstress 2643 2871 2708 2990
roadstress 2180 3096 2183 3133
roadstress 2146 3160 2208 3272
roadstress 2471 3035 2756 3253
roadstress 2787 3171 2865 3433
roadstress 2631 3200 2670 3260
roadstress 2373 3176 2445 3301
roadstress 2482 3166 2498 3235
roadstress 2403 3211 2459 3309
roadstress 2442 3215 2487 3240
roadstress 2039 3268 2156 3304
roadstress 2052 3365 2238 3396
roadstress 2238 3334 2441 3388
roadstress 2236 3389 2259 3528
roadstress 2441 3334 2496 3383
roadstress 2439 3335 2467 3481
roadstress 2438 3317 2608 3466
roadstress 2644 3383 2903 3448
roadstress 2263 3530 2295 3648
roadstress 2279 3490 2384 3541
roadstress 2531 3449 2636 3646
roadstress 2500 3487 2556 3560
roadstress 2453 3483 2520 3526
