roadstress 1571 3 1615 177
roadstress 1506 0 1546 199
roadstress 1579 192 1645 208
roadstress 1559 242 1571 324
roadstress 1660 126 1735 218
roadstress 1760 79 1824 150
roadstress 1895 64 1949 81
roadstress 1875 93 1889 117
roadstress 1866 107 1880 165
roadstress 1763 203 1858 224
roadstress 1731 229 1753 357
roadstress 1546 326 1571 418
roadstress 1851 183 1872 355
roadstress 1735 209 1773 220
roadstress 1651 359 1733 399
roadstress 1591 404 1644 433
roadstress 1653 407 1680 434
roadstress 1510 419 1530 485
roadstress 1512 486 1564 506
roadstress 1543 525 1564 560
roadstress 1637 519 1670 547
roadstress 1727 374 1775 435
roadstress 1772 405 1843 425
roadstress 1744 429 1762 496
roadstress 1726 495 1757 548
roadstress 1670 541 1728 554
roadstress 1825 475 1848 556
roadstress 1849 474 1910 486
roadstress 1500 640 1568 654
roadstress 1591 658 1601 763
roadstress 1726 549 1777 614
roadstress 1792 631 1812 672
roadstress 1717 596 1737 701
roadstress 1666 722 1752 764
roadstress 1738 702 1824 792
roadstress 1732 746 1768 795
roadstress 1599 762 1665 773
roadstress 1587 765 1598 858
roadstress 1653 794 1665 872
roadstress 1755 795 1768 863
roadstress 1784 791 1998 834
roadstress 1448 865 1541 877
roadstress 1530 825 1539 868
roadstress 1540 865 1633 875
roadstress 1636 873 1685 886
roadstress 1685 865 1818 879
roadstress 1703 879 1711 938
roadstress 1830 809 1851 862
roadstress 1479 874 1487 916
roadstress 1470 939 1497 1059
roadstress 1491 1004 1657 1020
roadstress 1657 1009 1670 1059
roadstress 1404 1049 1482 1063
roadstress 1496 1058 1640 1081
roadstress 1641 1057 1706 1107
roadstress 1665 1056 1694 1065
roadstress 1810 876 1817 933
roadstress 1705 1081 1709 1170
roadstress 1689 1024 1742 1089
roadstress 1723 1089 1763 1097
roadstress 1709 1097 1764 1118
roadstress 1840 1052 2076 1077
roadstress 2003 808 2095 1001
roadstress 2051 849 2067 914
roadstress 1936 1077 1973 1200
roadstress 2191 995 2201 1102
roadstress 1491 1212 1541 1242
roadstress 1477 1203 1492 1286
roadstress 1541 1216 1610 1226
roadstress 1602 1175 1611 1219
roadstress 1573 1226 1594 1330
roadstress 1561 1328 1571 1356
roadstress 1480 1294 1562 1339
roadstress 1607 1222 1641 1248
roadstress 1642 1216 1705 1247
roadstress 1701 1223 1715 1294
roadstress 1713 1238 1723 1326
roadstress 1657 1266 1708 1338
roadstress 1452 1356 1594 1400
roadstress 1570 1362 1582 1451
roadstress 1593 1358 1695 1473
roadstress 1685 1385 1700 1415
roadstress 1752 1390 1936 1404
roadstress 1922 1285 2088 1391
roadstress 2180 1225 2198 1355
roadstress 2088 1282 2142 1307
roadstress 2116 1337 2162 1368
roadstress 2091 1315 2112 1378
roadstress 2179 1357 2190 1548
roadstress 1928 1397 1974 1428
roadstress 1979 1342 1992 1413
roadstress 1985 1466 2068 1664
roadstress 1694 1399 1804 1477
roadstress 1579 1445 1688 1479
roadstress 1550 1452 1577 1519
roadstress 1689 1479 1710 1595
roadstress 1445 1444 1495 1480
roadstress 1556 1515 1689 1594
roadstress 1691 1595 1705 1689
roadstress 1490 1589 1530 1624
roadstress 1504 1622 1516 1669
roadstress 1505 1666 1552 1738
roadstress 1547 1694 1590 1711
roadstress 1484 1736 1579 1793
roadstress 1485 1728 1497 1822
roadstress 1580 1704 1646 1740
roadstress 1681 1681 1706 1715
roadstress 1687 1718 1773 1744
roadstress 1827 1707 1971 1728
roadstress 1969 1616 2129 1708
roadstress 2064 1672 2084 1807
roadstress 1935 1728 1947 1814
roadstress 1933 1761 1943 1807
roadstress 1784 1727 1792 1771
roadstress 1774 1716 1820 1724
roadstress 1665 1714 1688 1868
roadstress 2069 1873 2181 1904
roadstress 1924 1827 1959 1985
roadstress 1430 1820 1485 1845
roadstress 1505 1896 1665 1954
roadstress 1635 1879 1660 1936
roadstress 1667 1940 1728 1963
roadstress 1772 1960 1963 2113
roadstress 1614 1952 1631 2085
roadstress 1242 2110 1333 2124
roadstress 1243 2124 1308 2298
roadstress 1375 2138 1410 2308
roadstress 1457 2079 1613 2101
roadstress 1614 2083 1944 2150
roadstress 1604 2095 1616 2173
roadstress 1635 2005 1738 2067
roadstress 1947 2106 2130 2127
roadstress 2020 2126 2069 2220
roadstress 1934 2138 1950 2300
roadstress 1937 2301 1996 2363
roadstress 1597 2216 1619 2400
roadstress 1607 2342 1617 2400
roadstress 1232 2342 1403 2465
roadstress 1614 2394 1621 2438
roadstress 1586 2441 1616 2542
roadstress 1752 2164 1772 2324
roadstress 1795 2332 2047 2381
roadstress 1918 2380 1951 2464
roadstress 2047 2336 2088 2415
roadstress 2087 2414 2097 2479
roadstress 2115 2411 2174 2428
roadstress 1950 2451 2013 2474
roadstress 1954 2474 1959 2541
roadstress 2012 2463 2033 2516
roadstress 1951 2511 2044 2595
roadstress 1230 2570 1586 2611
roadstress 1592 2545 1602 2562
roadstress 1617 2612 1748 2624
roadstress 1529 2610 1551 2702
roadstress 1770 2620 1868 2641
roadstress 1750 2429 1759 2586
roadstress 1907 2634 1928 2643
roadstress 1917 2643 1929 2695
roadstress 1918 2703 1993 2719
roadstress 1905 2712 1930 2771
roadstress 1917 2739 2130 2811
roadstress 1878 2771 1906 2922
roadstress 1609 2620 1616 2691
roadstress 1624 2621 1684 2689
roadstress 1567 2668 1632 2922
roadstress 1412 2941 1545 2978
roadstress 1537 2916 1717 3029
roadstress 1744 2893 1927 2942
roadstress 1721 2901 1744 3016
roadstress 1731 3031 1736 3157
roadstress 1735 3163 1911 3182
roadstress 1902 2942 1928 3178
roadstress 1925 2941 2035 2974
roadstress 2036 2913 2059 2970
roadstress 1909 3167 2044 3194
roadstress 2036 2970 2053 3063
roadstress 2035 3068 2058 3177
roadstress 1372 3229 1382 3309
roadstress 1369 3278 1671 3313
roadstress 1574 3313 1581 3404
roadstress 1552 3405 1577 3430
roadstress 1501 3314 1510 3490
roadstress 1423 3509 1534 3579
roadstress 1536 3560 1551 3644
roadstress 1551 3562 1573 3605
roadstress 1575 3532 1715 3572
roadstress 1671 3282 1728 3314
roadstress 1715 3333 1735 3564
roadstress 1740 3334 1857 3350
roadstress 1860 3194 1939 3345
roadstress 1862 3344 1882 3389
roadstress 1716 3561 1749 3564
roadstress 1848 3545 1877 3647
roadstress 1879 3393 1893 3545
roadstress 1889 3397 1958 3415
roadstress 1898 3514 1996 3570
roadstress 1995 3230 2115 3526
