roadstress 1591 -1 1671 37
roadstress 1747 1 1967 240
roadstress 1788 2 1824 32
roadstress 1956 27 1986 99
roadstress 1984 2 2034 54
roadstress 2018 42 2075 71
roadstress 2059 2 2091 111
roadstress 2087 108 2246 141
roadstress 2242 130 2270 180
roadstress 2042 2 2054 52
roadstress 2042 61 2054 132
roadstress 1970 113 2087 285
roadstress 1959 200 2015 312
roadstress 1719 236 1790 344
roadstress 2256 35 2444 162
roadstress 2312 2 2338 56
roadstress 2334 38 2367 49
roadstress 2265 151 2279 257
roadstress 2294 164 2313 217
roadstress 2333 148 2379 196
roadstress 2396 215 2458 234
roadstress 2218 257 2273 326
roadstress 2275 206 2384 258
roadstress 1788 299 1966 352
roadstress 1699 344 1788 409
roadstress 1597 409 1689 430
roadstress 1701 402 1731 556
roadstress 1973 312 2063 363
roadstress 2064 326 2221 359
roadstress 2216 328 2262 426
roadstress 2037 363 2068 520
roadstress 2261 348 2404 424
roadstress 2260 427 2287 528
roadstress 2282 472 2421 501
roadstress 1574 559 1620 573
roadstress 1627 557 2017 609
roadstress 2015 487 2043 604
roadstress 2041 541 2204 594
roadstress 2202 539 2278 591
roadstress 2201 593 2214 643
roadstress 1892 635 1915 742
roadstress 2012 609 2037 803
roadstress 2201 646 2277 682
roadstress 2330 582 2363 659
roadstress 2275 647 2341 665
roadstress 2333 659 2408 822
roadstress 2197 683 2214 761
roadstress 1697 847 1746 862
roadstress 1606 835 1754 1009
roadstress 1828 790 2070 866
roadstress 2068 758 2242 795
roadstress 2239 764 2457 835
roadstress 1965 818 1998 838
roadstress 2049 799 2082 979
roadstress 1833 843 1916 930
roadstress 2309 821 2369 857
roadstress 2379 830 2390 853
roadstress 2342 855 2369 946
roadstress 2363 946 2414 1082
roadstress 2397 986 2458 999
roadstress 2215 937 2362 995
roadstress 2079 960 2216 995
roadstress 2216 996 2372 1137
roadstress 2273 989 2285 1041
roadstress 2371 1119 2459 1175
roadstress 2363 1137 2374 1204
roadstress 2201 1040 2240 1093
roadstress 2398 1168 2409 1240
roadstress 2363 1217 2395 1268
roadstress 2239 1239 2250 1282
roadstress 1798 860 1834 1131
roadstress 1831 1019 1888 1034
roadstress 2064 977 2083 1222
roadstress 1954 1207 2074 1230
roadstress 1870 1060 1906 1215
roadstress 1877 1200 1954 1222
roadstress 1961 1223 2019 1245
roadstress 1587 1208 1876 1236
roadstress 2067 1221 2108 1312
roadstress 2104 1279 2244 1323
roadstress 2243 1263 2367 1295
roadstress 2374 1266 2458 1324
roadstress 2441 1136 2481 1493
roadstress 2351 1286 2379 1318
roadstress 2402 1342 2454 1360
roadstress 2381 1294 2425 1348
roadstress 2354 1333 2400 1350
roadstress 2391 1390 2437 1485
roadstress 2074 1481 2443 1551
roadstress 2065 1312 2106 1526
roadstress 2052 1475 2072 1519
roadstress 1951 1353 2067 1371
roadstress 1872 1223 1908 1447
roadstress 1600 1510 2057 1560
roadstress 2038 1523 2076 1555
roadstress 2068 1545 2087 1697
roadstress 2244 1536 2273 1592
roadstress 2268 1581 2440 1629
roadstress 2291 1630 2325 1716
roadstress 2088 1659 2302 1702
roadstress 2406 1629 2497 1648
roadstress 2310 1696 2499 1735
roadstress 2071 1693 2095 1872
roadstress 2247 1711 2314 1911
roadstress 2228 1739 2259 1845
roadstress 2293 1816 2395 1913
roadstress 2089 1865 2283 1928
roadstress 2281 1911 2344 2065
roadstress 2344 2053 2498 2077
roadstress 2231 2052 2329 2068
roadstress 2072 1869 2098 2072
roadstress 1652 1841 2075 1930
roadstress 1663 2012 1679 2054
roadstress 1707 1968 1728 2054
roadstress 1609 2050 1862 2072
roadstress 1861 2034 2075 2079
roadstress 1950 2054 1969 2141
roadstress 1964 2068 2033 2212
roadstress 2040 2048 2230 2086
roadstress 1695 2065 1747 2315
roadstress 1743 2180 1970 2248
roadstress 2224 2065 2259 2233
roadstress 2330 2065 2391 2195
roadstress 2388 2190 2457 2326
roadstress 2448 2268 2488 2275
roadstress 2469 2133 2488 2145
roadstress 2471 2177 2489 2191
roadstress 2302 2192 2388 2256
roadstress 2258 2223 2356 2317
roadstress 1740 2349 1787 2505
roadstress 1971 2211 2079 2391
roadstress 1754 2389 2075 2541
roadstress 2076 2359 2282 2397
roadstress 2266 2260 2302 2409
roadstress 2447 2348 2494 2370
roadstress 2267 2407 2493 2509
roadstress 2383 2435 2415 2516
roadstress 2099 2391 2150 2543
roadstress 2018 2493 2103 2525
roadstress 2113 2512 2287 2560
roadstress 2287 2503 2457 2824
roadstress 2270 2555 2413 2612
roadstress 1731 2558 1796 2573
roadstress 1729 2590 1763 2759
roadstress 2271 2586 2314 2812
roadstress 1657 2752 2117 2826
roadstress 1934 2728 1959 2761
roadstress 2095 2544 2123 2814
roadstress 2127 2800 2300 2847
roadstress 2105 2824 2130 2905
roadstress 2124 2812 2372 2910
roadstress 2372 2848 2505 2912
roadstress 2366 2868 2377 2884
roadstress 2423 2867 2444 2888
roadstress 2107 2925 2125 2978
roadstress 2116 2964 2308 3023
roadstress 2280 3021 2293 3053
roadstress 2285 3061 2300 3216
roadstress 1911 2789 1948 2907
roadstress 1770 2770 1795 2817
roadstress 1748 2814 1765 2943
roadstress 1760 2900 1923 2953
roadstress 1911 2913 2007 3046
roadstress 1680 2933 1760 2951
roadstress 1751 2949 1772 3031
roadstress 1729 3029 1763 3076
roadstress 1748 3042 1771 3229
roadstress 2107 2977 2136 3293
roadstress 2244 3121 2287 3141
roadstress 2288 3218 2299 3276
roadstress 2131 3271 2294 3310
roadstress 1631 3285 2126 3307
roadstress 1926 3149 1946 3289
roadstress 1976 3298 2130 3337
roadstress 2069 3333 2110 3456
roadstress 2117 3325 2128 3447
roadstress 2289 3288 2322 3445
roadstress 2104 3430 2297 3456
roadstress 2095 3451 2135 3554
roadstress 2132 3550 2218 3571
roadstress 2290 3446 2340 3511
roadstress 2297 3469 2414 3639
roadstress 2211 3523 2227 3626
roadstress 2341 3533 2423 3644
roadstress 1989 3539 2025 3648
roadstress 2129 3586 2141 3647
roadstress 2140 3622 2305 3646
roadstress 2351 3618 2403 3648
roadstress 1636 2677 1652 2910
roadstress 2499 3616 2509 3646
