roadstress 1779 1 1800 54
roadstress 1649 1 1655 78
roadstress 1487 73 1626 94
roadstress 1876 1 1886 60
roadstress 1626 52 1795 102
roadstress 1796 53 1884 78
roadstress 1818 76 1827 128
roadstress 1925 1 1937 64
roadstress 1883 63 1946 75
roadstress 1930 61 2123 145
roadstress 2105 0 2133 26
roadstress 2133 0 2143 39
roadstress 2121 65 2162 150
roadstress 2132 146 2165 165
roadstress 2131 149 2141 189
roadstress 2163 166 2224 190
roadstress 2032 186 2157 237
roadstress 2149 237 2159 312
roadstress 1996 130 2024 240
roadstress 1875 69 1896 251
roadstress 1580 197 1593 229
roadstress 1575 112 1590 187
roadstress 1513 227 1684 264
roadstress 1661 258 1685 335
roadstress 1685 247 1798 259
roadstress 1796 235 1885 314
roadstress 1821 203 1854 240
roadstress 1887 238 2000 259
roadstress 1988 242 2001 315
roadstress 2041 308 2221 319
roadstress 1881 318 1972 339
roadstress 1872 337 1888 457
roadstress 2118 317 2152 451
roadstress 2284 20 2379 48
roadstress 2336 44 2343 65
roadstress 2324 181 2378 189
roadstress 2189 490 2377 508
roadstress 2166 462 2189 496
roadstress 2150 462 2165 494
roadstress 2114 440 2161 504
roadstress 2039 495 2141 507
roadstress 2151 494 2190 503
roadstress 2143 501 2154 619
roadstress 1996 619 2144 635
roadstress 2140 619 2150 689
roadstress 2135 699 2144 749
roadstress 2146 682 2205 749
roadstress 1915 735 2207 761
roadstress 2145 747 2218 835
roadstress 1862 455 1882 519
roadstress 1880 456 1890 491
roadstress 1904 353 1993 725
roadstress 1861 520 1873 679
roadstress 1629 489 1864 515
roadstress 2201 746 2358 765
roadstress 1446 646 1542 665
roadstress 1583 669 1863 706
roadstress 1862 680 1877 704
roadstress 1877 687 1914 701
roadstress 1877 701 1898 735
roadstress 1895 724 1914 738
roadstress 1824 705 1874 880
roadstress 1846 734 1898 777
roadstress 1903 746 1916 807
roadstress 1748 701 1759 843
roadstress 1833 872 1881 880
roadstress 1879 807 1915 877
roadstress 1912 824 2269 879
roadstress 2201 849 2214 887
roadstress 2266 835 2289 889
roadstress 1622 841 1704 879
roadstress 1710 863 1755 880
roadstress 1755 845 1818 868
roadstress 1775 866 1824 878
roadstress 1870 884 1888 995
roadstress 1724 914 1743 979
roadstress 1466 1000 1473 1066
roadstress 1475 998 1566 1017
roadstress 1560 968 1773 1013
roadstress 1769 925 1960 1004
roadstress 1803 986 1846 1065
roadstress 1743 987 1769 1095
roadstress 1559 979 1658 1027
roadstress 1561 1022 1572 1115
roadstress 1617 1024 1644 1118
roadstress 1868 1002 1880 1118
roadstress 1769 1085 1964 1132
roadstress 1879 1000 2252 1038
roadstress 2169 974 2174 1019
roadstress 2204 892 2212 936
roadstress 2338 1018 2354 1022
roadstress 2133 1034 2151 1105
roadstress 2302 1131 2356 1140
roadstress 1515 1110 1585 1134
roadstress 1625 1118 1746 1177
roadstress 1745 1095 1768 1169
roadstress 1821 1120 1836 1169
roadstress 1745 1167 1820 1177
roadstress 1743 1174 1760 1245
roadstress 1818 1163 1828 1229
roadstress 1854 1133 1874 1226
roadstress 1834 1220 1858 1254
roadstress 1853 1223 1881 1234
roadstress 1777 1239 1820 1272
roadstress 1817 1242 1839 1253
roadstress 1869 1213 2199 1250
roadstress 2204 1202 2238 1257
roadstress 2213 919 2242 955
roadstress 1925 1242 1959 1318
roadstress 1613 1241 1796 1327
roadstress 1467 1249 1507 1253
roadstress 1553 1127 1574 1220
roadstress 1831 1255 1848 1273
roadstress 1783 1268 1817 1420
roadstress 1818 1269 1924 1316
roadstress 1922 1313 1939 1412
roadstress 1509 1381 1564 1389
roadstress 1738 1398 1938 1479
roadstress 1814 1421 1835 1476
roadstress 1635 1437 1738 1486
roadstress 1937 1410 1964 1462
roadstress 1563 1386 1572 1508
roadstress 2308 1369 2368 1376
roadstress 1948 1442 1955 1464
roadstress 2009 1378 2109 1468
roadstress 2095 1451 2143 1484
roadstress 2281 1425 2364 1512
roadstress 1466 1507 1562 1515
roadstress 1560 1476 1635 1514
roadstress 1776 1435 1869 1585
roadstress 1868 1445 2016 1582
roadstress 1765 1585 1864 1619
roadstress 1793 1534 1828 1602
roadstress 1724 1476 1765 1611
roadstress 2112 1453 2261 1503
roadstress 2263 1488 2283 1495
roadstress 2154 1488 2169 1663
roadstress 1497 1707 1569 1718
roadstress 1562 1514 1583 1712
roadstress 1744 1612 1768 1679
roadstress 1598 1653 1743 1703
roadstress 1745 1677 1770 1795
roadstress 1864 1586 1896 1705
roadstress 1852 1701 1903 1827
roadstress 1898 1671 2141 1709
roadstress 2140 1659 2345 1690
roadstress 2254 1602 2276 1659
roadstress 2258 1514 2265 1519
roadstress 1562 1730 1598 2046
roadstress 1501 1820 1562 1830
roadstress 1710 1794 1766 1929
roadstress 1768 1795 1790 1808
roadstress 1810 1812 1840 1822
roadstress 1643 1787 1739 1808
roadstress 1756 1852 1766 1918
roadstress 1837 1820 1894 1922
roadstress 1548 1916 1791 2100
roadstress 1781 1926 1865 2037
roadstress 1864 1979 1888 2072
roadstress 1883 1921 1931 2167
roadstress 2097 1682 2144 1937
roadstress 1983 1936 2091 1954
roadstress 2124 1948 2141 1956
roadstress 2146 1956 2339 1992
roadstress 2337 1850 2367 1987
roadstress 1487 2136 1583 2177
roadstress 1581 2053 1602 2146
roadstress 1592 2139 1915 2190
roadstress 1733 2191 1743 2236
roadstress 1909 2179 1951 2235
roadstress 1938 2206 2160 2229
roadstress 2159 1993 2239 2213
roadstress 1466 1920 1486 2167
roadstress 1462 2172 1482 2499
roadstress 1762 2254 1775 2335
roadstress 1590 2148 1635 2338
roadstress 1613 2315 1809 2353
roadstress 1853 2237 1952 2346
roadstress 1921 2295 1934 2333
roadstress 1631 2347 1649 2373
roadstress 1560 2338 1630 2350
roadstress 2158 2213 2337 2439
roadstress 2146 2230 2180 2295
roadstress 2173 2215 2183 2226
roadstress 2199 2280 2237 2286
roadstress 2144 2401 2186 2436
roadstress 1922 2435 2124 2464
roadstress 2196 2429 2217 2555
roadstress 2120 2465 2148 2571
roadstress 2148 2558 2247 2571
roadstress 2124 2570 2149 2723
roadstress 2161 2573 2167 2619
roadstress 2149 2615 2195 2721
roadstress 1927 2727 2083 2743
roadstress 2083 2718 2250 2743
roadstress 2235 2745 2259 2807
roadstress 2084 2738 2099 2799
roadstress 2094 2797 2197 2806
roadstress 2100 2804 2147 2914
roadstress 1931 2881 2096 2909
roadstress 2104 2902 2132 3022
roadstress 2147 2836 2195 2888
roadstress 2130 2869 2173 2881
roadstress 2242 2808 2276 2872
roadstress 2204 2870 2349 2889
roadstress 1555 3063 1747 3135
roadstress 1906 3040 2126 3068
roadstress 2125 3038 2222 3062
roadstress 1903 3057 1984 3222
roadstress 2127 3062 2157 3219
roadstress 1882 3075 1892 3161
roadstress 1893 3149 1952 3157
roadstress 1973 3196 2113 3236
roadstress 1806 3085 1820 3113
roadstress 1822 3119 1879 3183
roadstress 1864 3157 1890 3290
roadstress 1861 3300 1901 3445
roadstress 2126 3218 2134 3329
roadstress 2031 3319 2137 3333
roadstress 2112 3335 2150 3435
roadstress 2151 3312 2255 3363
roadstress 2254 3127 2288 3266
roadstress 1899 3432 2128 3451
roadstress 2090 3443 2148 3528
roadstress 2124 3436 2163 3573
roadstress 2018 3561 2157 3610
roadstress 2156 3571 2193 3647
roadstress 1942 3604 2000 3612
roadstress 1935 3451 1947 3579
roadstress 1937 3579 1945 3647
roadstress 1838 3573 1936 3596
roadstress 1728 3449 1736 3583
roadstress 1732 3439 1894 3455
roadstress 1820 3417 1873 3448
roadstress 1838 3595 1855 3647
roadstress 1609 3579 1840 3597
roadstress 1536 3442 1735 3461
roadstress 2297 3395 2367 3403
roadstress 1552 2862 1678 2878
roadstress 1544 3054 1558 3132
roadstress 1467 3085 1472 3269
roadstress 1489 3328 1508 3348
