roadstress 1932 1 1968 118
roadstress 2119 0 2148 210
roadstress 2165 19 2214 99
roadstress 2194 30 2265 59
roadstress 1681 99 2128 152
roadstress 1691 143 1761 318
roadstress 1902 132 1999 244
roadstress 1966 193 2007 234
roadstress 2148 208 2267 239
roadstress 1990 216 2130 316
roadstress 2155 281 2272 404
roadstress 1763 261 1961 430
roadstress 2016 264 2041 348
roadstress 1970 342 2144 461
roadstress 1856 476 1967 511
roadstress 1961 407 1999 505
roadstress 2008 483 2133 509
roadstress 2133 360 2167 547
roadstress 2165 534 2300 592
roadstress 2021 510 2038 618
roadstress 1864 661 2029 807
roadstress 2006 567 2023 677
roadstress 2025 588 2184 659
roadstress 2134 659 2145 770
roadstress 2142 665 2227 717
roadstress 2224 696 2266 783
roadstress 1727 772 2166 858
roadstress 2163 747 2313 815
roadstress 2229 813 2284 956
roadstress 2215 809 2232 831
roadstress 2273 912 2329 926
roadstress 1882 853 1895 1008
roadstress 2050 802 2068 1037
roadstress 2069 891 2249 923
roadstress 2162 926 2349 1242
roadstress 1997 1035 2093 1183
roadstress 1759 1078 2012 1108
roadstress 1993 1078 2068 1086
roadstress 2096 1100 2264 1144
roadstress 2266 1102 2346 1134
roadstress 2088 1244 2354 1297
roadstress 1769 1281 2068 1316
roadstress 2074 1179 2226 1541
roadstress 1890 1327 1909 1442
roadstress 1988 1512 2099 1525
roadstress 2212 1383 2365 1807
roadstress 2095 1370 2242 1400
roadstress 2267 1393 2365 1407
roadstress 2284 1626 2373 1640
roadstress 2111 1628 2271 1656
roadstress 2092 1522 2109 1654
roadstress 2033 1650 2114 1704
roadstress 2023 1631 2077 1739
roadstress 2242 1714 2313 1766
roadstress 2203 1640 2243 1767
roadstress 2059 1763 2115 1861
roadstress 2323 1780 2361 1869
roadstress 2006 1835 2039 1889
roadstress 2193 1813 2393 1885
roadstress 2158 1838 2255 1854
roadstress 1891 1854 2160 1960
roadstress 2323 1904 2381 2141
roadstress 2246 1870 2283 1940
roadstress 2142 1958 2265 1996
roadstress 2246 1932 2323 1959
roadstress 2265 1977 2347 2000
roadstress 2137 1863 2164 2147
roadstress 1988 1932 2015 1983
roadstress 2255 2000 2312 2155
roadstress 1840 2118 2152 2156
roadstress 2153 2151 2186 2532
roadstress 2165 2134 2278 2170
roadstress 2171 2144 2283 2206
roadstress 2024 2132 2073 2288
roadstress 1919 2217 2025 2250
roadstress 1890 2243 1916 2250
roadstress 1921 2247 1934 2284
roadstress 1925 2276 1940 2315
roadstress 2166 2249 2311 2276
roadstress 2278 2278 2325 2412
roadstress 2282 2804 2460 2907
roadstress 1853 2449 2290 2495
roadstress 2290 2409 2361 2530
roadstress 1892 2959 2034 2997
roadstress 2089 2479 2186 2495
roadstress 2162 2492 2203 2751
roadstress 2292 2946 2338 2997
roadstress 2174 2558 2301 2580
roadstress 2299 2529 2338 2603
roadstress 2307 2578 2398 2699
roadstress 1934 2788 2259 2874
roadstress 2206 2846 2282 2944
roadstress 2202 2690 2303 2697
roadstress 1874 2741 2134 2762
roadstress 2291 2697 2318 2747
roadstress 2033 2946 2236 2999
roadstress 2333 2910 2421 2984
roadstress 2199 2645 2257 2688
roadstress 2307 2680 2379 2729
roadstress 2011 2759 2015 2848
roadstress 2085 2749 2209 2768
roadstress 2203 2742 2281 2757
roadstress 2284 2752 2383 2846
roadstress 2100 2654 2117 2738
