roadstress 77 2362 104 2526
roadstress 3 2337 153 2373
roadstress 75 2123 177 2353
roadstress 0 2084 59 2123
roadstress 24 1945 75 2116
roadstress 3 1881 26 1945
roadstress 37 1961 110 1970
roadstress 107 1933 181 2083
roadstress 99 2354 117 2403
roadstress 166 2335 217 2427
roadstress 88 2100 164 2141
roadstress 174 2054 283 2101
roadstress 141 1858 341 1956
roadstress 150 2314 212 2344
roadstress 218 2337 304 2454
roadstress 208 2092 232 2177
roadstress 275 2172 310 2273
roadstress 261 2310 285 2376
roadstress 298 2276 370 2403
roadstress 221 2270 305 2338
roadstress 291 1984 495 2054
roadstress 334 2387 359 2432
roadstress 330 2264 388 2279
roadstress 402 2221 466 2257
roadstress 359 2270 383 2334
roadstress 496 2271 556 2371
roadstress 417 2009 466 2220
roadstress 427 2220 498 2349
roadstress 296 1776 409 2005
roadstress 342 1741 444 1848
roadstress 485 2190 555 2220
roadstress 424 1824 468 1883
roadstress 489 1762 532 2083
roadstress 529 2079 563 2187
roadstress 532 1712 563 1785
roadstress 649 1668 680 1754
roadstress 576 2123 726 2181
roadstress 652 2158 680 2322
roadstress 650 1963 849 2221
roadstress 722 2067 917 2220
roadstress 535 1921 659 1994
roadstress 763 1766 863 1827
roadstress 744 1910 820 1934
roadstress 663 1938 741 1965
roadstress 808 1855 894 1958
roadstress 819 1822 871 1901
roadstress 920 2029 1007 2087
roadstress 872 1888 925 2036
roadstress 897 1740 954 1888
roadstress 861 1775 947 1816
roadstress 813 1747 859 1792
roadstress 865 1591 894 1668
roadstress 993 1549 1028 1671
roadstress 1033 1583 1293 1675
roadstress 1046 1955 1133 2036
roadstress 1030 1678 1061 1821
roadstress 1057 1827 1197 2068
roadstress 945 1815 1052 1875
roadstress 1161 1653 1184 1734
roadstress 1187 1738 1225 1829
roadstress 1086 1510 1152 1651
roadstress 1226 1823 1278 1838
roadstress 1103 1827 1221 1871
roadstress 1056 1772 1076 1807
roadstress 1074 1736 1179 1781
roadstress 1065 1661 1098 1765
roadstress 1262 1931 1324 1977
roadstress 1275 1815 1311 1936
roadstress 1265 1749 1283 1813
roadstress 1193 1710 1243 1736
roadstress 1288 1705 1396 1802
roadstress 1254 1484 1307 1636
roadstress 1239 1668 1313 1751
roadstress 1200 1640 1357 1678
roadstress 1302 1839 1519 1904
roadstress 1484 1751 1507 1836
roadstress 1390 1613 1411 1693
roadstress 1352 1708 1392 1781
roadstress 1398 1692 1452 1710
roadstress 1410 1590 1525 1649
roadstress 1298 1572 1375 1592
roadstress 1389 1482 1400 1583
roadstress 1430 1679 1716 1765
roadstress 1456 1627 1659 1697
roadstress 1497 1688 1526 1732
roadstress 1612 1716 1640 1816
roadstress 1625 1826 1664 1888
roadstress 1450 1399 1499 1535
roadstress 1451 1514 1587 1552
roadstress 1687 1738 1739 1910
roadstress 1620 1490 1664 1623
roadstress 1726 1684 1862 1840
roadstress 1746 1562 1861 1683
roadstress 1841 1590 1876 1644
roadstress 1870 1648 1929 1850
roadstress 1849 1492 1865 1556
roadstress 1876 1629 1926 1642
roadstress 1927 1600 2022 1869
roadstress 1876 1560 1926 1594
roadstress 1938 1499 2144 1593
roadstress 2137 1388 2205 1525
roadstress 2265 1238 2276 1310
roadstress 2267 1388 2292 1574
roadstress 2038 1708 2207 1781
roadstress 2150 1562 2237 1843
roadstress 2309 1388 2423 1568
roadstress 2196 1537 2610 1590
roadstress 2573 1435 2588 1540
roadstress 2581 1558 2633 1805
roadstress 2677 1563 2781 1805
roadstress 2442 1225 2454 1342
roadstress 2792 1379 2802 1538
roadstress 2596 1537 2685 1547
roadstress 2690 1540 2787 1551
roadstress 2759 1539 2814 1564
roadstress 2820 1540 3385 1594
roadstress 2989 1291 3057 1547
roadstress 2964 1555 2983 1789
roadstress 3151 1403 3235 1559
roadstress 3137 1734 3215 1800
roadstress 3328 1677 3450 1749
roadstress 3367 1510 3633 1695
roadstress 3395 1330 3430 1522
roadstress 3441 1614 3597 1814
roadstress 3677 1328 3709 1512
roadstress 3580 1537 3633 1591
roadstress 3635 1510 3677 1530
roadstress 3624 1626 3776 1692
roadstress 3681 1528 3691 1591
roadstress 3742 1499 3929 1634
roadstress 3768 1807 3903 1872
roadstress 3740 1744 3755 1861
roadstress 3781 1675 3998 1724
