roadstress 1607 -1 1743 118
roadstress 1532 103 1707 166
roadstress 1805 1 1916 103
roadstress 1859 86 1911 202
roadstress 1877 87 2040 145
roadstress 1721 43 1798 98
roadstress 1728 105 1791 249
roadstress 1668 157 1760 213
roadstress 1472 283 1540 468
roadstress 1539 165 1587 277
roadstress 1587 190 1908 335
roadstress 1702 298 1798 386
roadstress 1535 348 1682 383
roadstress 1697 378 1844 446
roadstress 1684 396 1735 504
roadstress 1715 421 1787 533
roadstress 1470 476 1593 526
roadstress 1599 523 1696 548
roadstress 1693 561 1932 681
roadstress 1506 552 1671 920
roadstress 1427 660 1568 673
roadstress 1566 545 1620 721
roadstress 1659 670 1880 750
roadstress 1591 835 1663 957
roadstress 1663 893 1712 901
roadstress 1418 897 1803 1053
roadstress 1317 875 1445 935
roadstress 1461 961 1558 1114
roadstress 1229 938 1313 1019
roadstress 1296 1022 1423 1048
roadstress 1372 1048 1753 1244
roadstress 1177 1138 1315 1225
roadstress 1173 1124 1366 1271
roadstress 1313 1088 1379 1199
roadstress 1335 1126 1467 1351
roadstress 1126 1325 1326 1387
roadstress 1162 1402 1300 1614
roadstress 1243 1543 1263 1596
roadstress 1277 1498 1415 1655
roadstress 1304 1397 1671 1477
roadstress 1329 1359 1387 1404
roadstress 1175 1710 1209 1799
roadstress 1083 1675 1210 1698
roadstress 1272 1651 1643 1712
roadstress 1333 1766 1401 1890
roadstress 1408 1808 1617 1841
roadstress 1054 1781 1178 1804
roadstress 1199 1865 1628 1970
roadstress 1158 1866 1191 2097
roadstress 1286 1896 1343 2063
roadstress 1325 2223 1600 2262
roadstress 1002 2190 1152 2249
roadstress 1429 2249 1475 2413
roadstress 1308 2400 1429 2419
roadstress 1455 2415 1534 2426
roadstress 1282 2486 1426 2523
roadstress 1198 2604 1217 2865
roadstress 1306 2509 1315 2606
roadstress 1289 2603 1549 2648
roadstress 1052 2713 1083 2771
roadstress 1087 2759 1204 2784
roadstress 1028 2339 1108 2381
roadstress 1050 2460 1126 2479
roadstress 1123 2561 1210 2603
roadstress 1050 2778 1072 2990
roadstress 1131 2871 1276 2904
roadstress 1289 2900 1516 2929
