roadstress 1510 3 1604 226
roadstress 1804 11 1954 85
roadstress 1587 100 1756 136
roadstress 1766 129 1905 205
roadstress 1770 45 1843 127
roadstress 1760 181 1832 307
roadstress 1514 234 1752 300
roadstress 1713 153 1784 284
roadstress 1734 305 1977 422
roadstress 1554 576 1634 668
roadstress 1635 413 1697 579
roadstress 1618 291 1669 472
roadstress 1475 407 1616 418
roadstress 1704 421 1911 494
roadstress 1639 579 1710 688
roadstress 1712 641 1755 648
roadstress 1733 758 1855 795
roadstress 1557 669 1722 749
roadstress 1439 641 1551 666
roadstress 1370 624 1526 673
roadstress 1269 682 1419 775
roadstress 1558 882 1802 986
roadstress 1220 869 1370 968
roadstress 1223 883 1367 974
roadstress 1478 1184 1711 1223
roadstress 1597 1012 1664 1198
roadstress 1170 1092 1347 1127
roadstress 1189 1207 1333 1362
roadstress 1326 1242 1462 1395
roadstress 1288 1283 1315 1341
roadstress 1318 1394 1704 1451
roadstress 1126 1414 1261 1435
roadstress 1257 1398 1275 1455
roadstress 1226 1444 1259 1538
roadstress 1386 1509 1446 1626
roadstress 1447 1546 1660 1581
roadstress 1485 1427 1528 1536
roadstress 1109 1519 1224 1542
roadstress 1234 1546 1278 1596
roadstress 1238 1605 1424 1658
roadstress 1427 1665 1676 1709
roadstress 1202 1771 1218 1828
roadstress 1218 1735 1227 1780
roadstress 1220 1662 1236 1727
roadstress 1227 1612 1236 1660
roadstress 1126 1711 1217 1722
roadstress 1314 1634 1395 1836
roadstress 1307 1711 1344 1723
roadstress 1117 1826 1308 1902
roadstress 1524 1898 1542 1969
roadstress 1500 1733 1524 1895
roadstress 1344 1817 1465 1833
roadstress 1339 1943 1636 1999
roadstress 1050 1925 1117 1972
roadstress 1142 1973 1289 1992
roadstress 1280 1862 1359 2124
roadstress 1112 1985 1195 2105
roadstress 1185 2057 1296 2130
roadstress 1306 2126 1452 2150
roadstress 1482 1982 1524 2145
roadstress 1462 2148 1613 2169
roadstress 1215 2224 1462 2285
roadstress 1459 2268 1475 2363
roadstress 1020 2169 1208 2209
roadstress 1104 2206 1187 2302
roadstress 1345 2257 1364 2333
roadstress 1257 2324 1344 2337
roadstress 1334 2339 1597 2383
roadstress 1248 2337 1268 2586
roadstress 1174 2307 1261 2336
roadstress 1158 2310 1168 2363
roadstress 1028 2446 1116 2459
roadstress 1118 2356 1145 2438
roadstress 1135 2344 1252 2390
roadstress 1077 2331 1153 2359
roadstress 1047 2646 1104 2812
roadstress 1044 2519 1116 2653
roadstress 1108 2466 1126 2528
roadstress 1130 2496 1244 2516
roadstress 1114 2603 1321 2630
roadstress 1298 2636 1538 2670
roadstress 1088 2797 1196 2855
roadstress 1184 2625 1226 2940
roadstress 1050 2888 1178 2985
roadstress 1185 2941 1294 2996
roadstress 1063 2940 1098 2949
roadstress 1116 2927 1183 2953
roadstress 1300 2895 1476 2993
roadstress 1443 2685 1468 2894
