roadstress 1871 1 1878 70
roadstress 1789 58 2031 126
roadstress 1643 1 1788 127
roadstress 1664 185 1684 325
roadstress 1933 307 1945 376
roadstress 1904 162 1921 283
roadstress 1923 273 2012 307
roadstress 1999 243 2062 272
roadstress 1551 323 1670 367
roadstress 1820 283 1914 310
roadstress 1684 334 1790 464
roadstress 1778 435 1804 536
roadstress 1850 427 1965 483
roadstress 2008 407 2089 473
roadstress 1810 444 1836 655
roadstress 1851 497 1963 546
roadstress 1954 470 2102 508
roadstress 1699 481 1762 739
roadstress 1964 532 2064 587
roadstress 1948 544 1989 636
roadstress 1773 608 1837 678
roadstress 1858 591 2133 677
roadstress 1791 663 1841 729
roadstress 1837 679 1897 718
roadstress 1956 662 1991 825
roadstress 1837 721 1880 1031
roadstress 1859 777 1978 789
roadstress 1991 837 2020 942
roadstress 1873 936 2030 990
roadstress 1961 825 2053 874
roadstress 2014 767 2108 809
roadstress 1968 689 1995 714
roadstress 1998 684 2033 714
roadstress 2028 651 2037 684
roadstress 2040 660 2120 680
roadstress 2048 927 2132 949
roadstress 2040 952 2065 1046
roadstress 2102 799 2173 830
roadstress 2020 867 2050 946
roadstress 2050 837 2091 877
roadstress 2093 943 2131 988
roadstress 1784 1029 1869 1073
roadstress 1889 984 1916 1023
roadstress 2037 1045 2090 1063
roadstress 1892 1024 2036 1054
roadstress 1847 1152 1900 1161
roadstress 1615 1177 1770 1189
roadstress 1772 1156 1850 1208
roadstress 1882 1027 1910 1165
roadstress 1912 1130 1981 1152
roadstress 1968 1052 1985 1177
roadstress 2092 1042 2218 1067
roadstress 1918 1180 1979 1211
roadstress 1986 1151 2168 1182
roadstress 1761 1324 1927 1356
roadstress 1949 1210 1995 1502
roadstress 2069 1072 2097 1180
roadstress 1997 1093 2065 1109
roadstress 2034 1281 2139 1433
roadstress 2064 1172 2138 1275
roadstress 2117 1251 2253 1285
roadstress 1915 1200 1950 1432
roadstress 1907 1160 1916 1194
roadstress 2041 1360 2121 1389
roadstress 1753 1432 1939 1484
roadstress 2137 1401 2185 1433
roadstress 1947 1425 2283 1474
roadstress 1945 1451 1958 1553
roadstress 1982 1476 1999 1607
roadstress 2004 1485 2220 1547
roadstress 1795 1550 1939 1601
roadstress 1883 1587 1911 1652
roadstress 1914 1563 1982 1573
roadstress 2008 1592 2282 1666
roadstress 2015 1759 2297 1798
roadstress 1854 1637 1993 1661
roadstress 1986 1607 2017 1825
roadstress 2017 1691 2068 1732
roadstress 1910 1658 2009 1732
roadstress 1983 1732 1999 1804
roadstress 1842 1754 1981 1778
roadstress 1933 1724 1943 1815
roadstress 1986 1816 2091 1845
roadstress 1940 1813 2001 1819
roadstress 1938 1829 1994 1975
roadstress 1900 1837 1984 1873
roadstress 2068 1846 2093 1910
roadstress 1996 1907 2114 1935
roadstress 1993 1944 2065 2032
roadstress 1961 2001 2002 2063
roadstress 1958 2059 2004 2112
roadstress 1999 2035 2065 2067
roadstress 2065 1910 2284 2030
roadstress 2288 1909 2328 1924
roadstress 2066 2035 2103 2056
roadstress 2084 2058 2099 2191
roadstress 2103 2078 2166 2107
roadstress 2165 2029 2405 2078
roadstress 2255 2066 2271 2228
roadstress 1999 2107 2030 2182
roadstress 2001 2195 2009 2268
roadstress 1968 2185 2023 2191
roadstress 2029 2182 2048 2187
roadstress 2045 2187 2133 2355
roadstress 2129 2220 2440 2258
roadstress 1989 2259 2043 2310
roadstress 2023 2204 2064 2266
roadstress 2059 2269 2121 2331
roadstress 2340 2250 2366 2403
roadstress 2113 2297 2180 2424
roadstress 2199 2409 2474 2537
roadstress 2154 2407 2210 2533
roadstress 1878 2429 2120 2466
roadstress 2017 2535 2189 2617
roadstress 1968 2444 2012 2554
roadstress 2188 2567 2345 2586
roadstress 2343 2513 2385 2602
roadstress 2193 2710 2224 2849
roadstress 1889 2558 2028 2590
roadstress 2371 2539 2407 2636
roadstress 2215 2854 2271 2997
roadstress 2183 2623 2299 2717
roadstress 1923 2698 2193 2755
roadstress 2189 2636 2199 2690
roadstress 2373 2668 2425 2727
roadstress 2216 2728 2425 2786
roadstress 1958 2863 2211 2929
roadstress 2241 2859 2393 2895
roadstress 2391 2792 2445 2996
roadstress 2377 2750 2540 2797
roadstress 2285 2953 2424 2997
roadstress 2435 2933 2584 2965
roadstress 2488 2809 2554 2818
