roadstress 1993 -1 2128 125
roadstress 1796 0 1857 186
roadstress 1618 1 1657 112
roadstress 1826 184 1936 285
roadstress 1534 107 1669 133
roadstress 1677 88 1795 107
roadstress 1665 124 1687 273
roadstress 1832 133 1983 151
roadstress 1984 105 2022 208
roadstress 2008 205 2067 217
roadstress 1988 210 2011 263
roadstress 2028 337 2167 368
roadstress 1825 193 1833 252
roadstress 1565 253 1824 302
roadstress 1825 265 1845 413
roadstress 2004 261 2014 314
roadstress 2012 245 2054 309
roadstress 1842 311 2090 345
roadstress 1986 330 2027 372
roadstress 1587 417 1845 475
roadstress 1860 430 2015 454
roadstress 2014 371 2040 526
roadstress 1842 422 1895 633
roadstress 2050 401 2169 425
roadstress 1686 543 1870 633
roadstress 1886 530 2018 563
roadstress 2019 527 2065 642
roadstress 2054 518 2194 557
roadstress 1968 661 1981 693
roadstress 1953 626 2055 657
roadstress 1885 645 1899 744
roadstress 1832 604 1892 643
roadstress 2059 652 2086 786
roadstress 2084 699 2176 740
roadstress 1948 784 2084 818
roadstress 1824 811 1913 827
roadstress 2072 791 2100 872
roadstress 2050 796 2092 845
roadstress 1970 879 2102 920
roadstress 2105 871 2146 983
roadstress 1892 747 1914 806
roadstress 1847 894 1960 918
roadstress 1933 812 1967 911
roadstress 1968 923 1991 1012
roadstress 1897 917 1955 1005
roadstress 1832 957 1911 1037
roadstress 1883 983 2123 1026
roadstress 2129 987 2202 1059
roadstress 1983 1025 2009 1140
roadstress 2026 1075 2178 1105
roadstress 2130 1038 2266 1126
roadstress 2008 1061 2033 1104
roadstress 1814 1144 2002 1171
roadstress 2003 1109 2038 1215
roadstress 2105 1093 2135 1129
roadstress 1830 1212 2170 1277
roadstress 2143 1161 2210 1203
roadstress 2117 1202 2229 1318
roadstress 1949 1175 1965 1223
roadstress 1964 1235 2007 1466
roadstress 2011 1319 2159 1341
roadstress 2159 1325 2180 1438
roadstress 2161 1289 2187 1331
roadstress 2234 1364 2307 1390
roadstress 1718 1503 1799 1515
roadstress 1750 1615 1812 1674
roadstress 1790 1443 2045 1603
roadstress 1948 1485 2057 1589
roadstress 2014 1440 2172 1479
roadstress 2185 1450 2199 1541
roadstress 2062 1548 2198 1577
roadstress 2200 1540 2326 1562
roadstress 2213 1609 2329 1724
roadstress 2040 1588 2079 1661
roadstress 2049 1595 2103 1688
roadstress 1812 1622 2025 1780
roadstress 2126 1681 2208 1692
roadstress 2031 1681 2124 1810
roadstress 2024 1758 2054 1853
roadstress 1920 1826 2027 1869
roadstress 2201 1701 2235 1880
roadstress 2060 1824 2199 1857
roadstress 2237 1827 2359 1921
roadstress 2082 1859 2108 2023
roadstress 2251 1924 2264 2017
roadstress 2100 1967 2251 1998
roadstress 1945 2015 2114 2152
roadstress 2209 2001 2225 2108
roadstress 2222 2028 2359 2131
roadstress 1813 2205 1921 2221
roadstress 1908 2192 2018 2214
roadstress 2025 2111 2204 2188
roadstress 2210 2105 2322 2171
roadstress 2305 2137 2381 2289
roadstress 2319 2129 2398 2149
roadstress 1966 2211 1996 2381
roadstress 2131 2149 2195 2485
roadstress 2157 2225 2343 2265
roadstress 2252 2265 2361 2344
roadstress 1862 2434 2122 2471
roadstress 2179 2492 2197 2622
roadstress 2098 2429 2162 2439
roadstress 2205 2430 2442 2490
roadstress 2061 2517 2177 2532
roadstress 2360 2329 2457 2554
roadstress 2034 2623 2190 2668
roadstress 1882 2655 2034 2699
roadstress 2195 2562 2468 2642
roadstress 2168 2636 2232 2856
roadstress 2330 2754 2422 2996
roadstress 2213 2723 2285 2747
roadstress 2362 2717 2484 2736
roadstress 2229 2857 2241 2991
roadstress 2292 2705 2365 2721
roadstress 2084 2862 2225 2877
roadstress 2238 2856 2360 2883
roadstress 2427 2950 2501 2979
