roadstress 1517 1 1728 81
roadstress 1721 1 1884 280
roadstress 1808 163 1926 235
roadstress 1607 79 1644 137
roadstress 1629 258 1780 309
roadstress 1530 83 1583 135
roadstress 1596 130 1633 271
roadstress 1595 303 1645 418
roadstress 1802 309 1827 418
roadstress 1790 236 1806 260
roadstress 1782 260 1793 301
roadstress 1531 439 1719 461
roadstress 1848 484 1869 522
roadstress 1745 427 1859 478
roadstress 1503 480 1526 589
roadstress 1463 415 1510 477
roadstress 1410 555 1636 639
roadstress 1398 493 1476 601
roadstress 1625 470 1712 885
roadstress 1649 533 1857 557
roadstress 1859 509 1983 603
roadstress 1784 643 2015 732
roadstress 1724 456 1815 869
roadstress 1497 607 1554 815
roadstress 1552 846 1562 917
roadstress 1525 776 1687 842
roadstress 1708 749 1780 762
roadstress 1885 633 1933 643
roadstress 1867 577 1898 681
roadstress 1903 721 1982 762
roadstress 1919 747 1935 794
roadstress 1473 888 1751 938
roadstress 1757 861 1933 891
roadstress 1933 730 2057 797
roadstress 1925 904 1952 1042
roadstress 1950 933 2100 947
roadstress 1732 913 1752 1097
roadstress 1560 1101 1739 1226
roadstress 1754 1123 1872 1148
roadstress 1817 883 1913 1277
roadstress 1867 1050 2063 1060
roadstress 1982 1067 2018 1216
roadstress 1901 1217 2029 1235
roadstress 2011 1222 2052 1331
roadstress 2043 1188 2110 1217
roadstress 2060 1058 2147 1129
roadstress 2076 1123 2112 1206
roadstress 1589 1337 1850 1396
roadstress 1858 1321 2011 1352
roadstress 2006 1342 2117 1367
roadstress 2140 1208 2201 1402
roadstress 2123 1407 2201 1428
roadstress 1714 1510 1820 1580
roadstress 1789 1472 1844 1531
roadstress 1780 1392 1802 1481
roadstress 1911 1283 1948 1422
roadstress 2036 1366 2069 1457
roadstress 2044 1457 2124 1624
roadstress 2114 1429 2124 1472
roadstress 1853 1485 1948 1531
roadstress 1937 1418 1990 1680
roadstress 1959 1491 2041 1500
roadstress 1761 1536 1869 1679
roadstress 1995 1626 2088 1669
roadstress 2092 1595 2210 1628
roadstress 1873 1588 1966 1611
roadstress 1876 1612 1911 1710
roadstress 1731 1700 1904 1736
roadstress 1710 1753 1913 1849
roadstress 1907 1721 1928 1797
roadstress 1914 1684 1975 1710
roadstress 2116 1686 2200 1714
roadstress 1914 1796 1969 1895
roadstress 1932 1710 2121 1795
roadstress 2199 1660 2244 1681
roadstress 2117 1729 2159 1935
roadstress 1914 1871 1940 1956
roadstress 1712 1961 1942 2020
roadstress 1820 1901 1911 1910
roadstress 1866 1986 1947 2192
roadstress 2001 1938 2204 2044
roadstress 2167 1877 2319 1950
roadstress 1982 1935 2007 2075
roadstress 1946 1890 1993 1956
roadstress 1935 1959 1977 1997
roadstress 2010 2044 2062 2211
roadstress 2071 2010 2181 2046
roadstress 1942 2047 1999 2071
roadstress 1975 2067 2008 2177
roadstress 1756 2217 1897 2241
roadstress 1893 2173 2052 2214
roadstress 2193 2014 2272 2082
roadstress 1932 1824 2022 1877
roadstress 2240 2083 2379 2178
roadstress 2235 2163 2265 2178
roadstress 2201 2081 2229 2175
roadstress 2214 2918 2243 2995
roadstress 2058 2196 2121 2319
roadstress 2114 2215 2235 2239
roadstress 2263 2248 2397 2308
roadstress 2180 2094 2210 2213
roadstress 2204 2175 2256 2333
roadstress 1952 2204 2256 2331
roadstress 2040 2229 2088 2342
roadstress 1967 2322 2053 2531
roadstress 2108 2424 2133 2525
roadstress 2099 2333 2114 2478
roadstress 2276 2375 2294 2474
roadstress 2263 2316 2304 2374
roadstress 2342 2290 2384 2388
roadstress 2131 2410 2273 2461
roadstress 2370 2404 2431 2459
roadstress 1842 2582 1906 2599
roadstress 1910 2537 2061 2575
roadstress 2069 2523 2171 2537
roadstress 2155 2479 2293 2522
roadstress 2295 2486 2321 2589
roadstress 2313 2460 2379 2497
roadstress 2053 2543 2169 2673
roadstress 1937 2602 2072 2629
roadstress 2089 2499 2117 2608
roadstress 2168 2531 2187 2618
roadstress 2160 2653 2180 2720
roadstress 1925 2928 2164 2992
roadstress 2082 2683 2140 2939
roadstress 2114 2586 2176 2644
roadstress 2191 2618 2341 2678
roadstress 2194 2658 2216 2857
roadstress 2142 2812 2221 2895
roadstress 2162 2873 2224 2929
roadstress 2247 2966 2375 2997
roadstress 2386 2591 2453 2659
roadstress 2340 2657 2482 2692
roadstress 2327 2727 2452 2816
roadstress 2407 2775 2507 2828
roadstress 2216 2692 2329 2709
roadstress 2222 2827 2403 2875
roadstress 2217 2878 2280 2920
roadstress 2410 2967 2500 2995
roadstress 2342 2849 2367 2963
roadstress 2412 2838 2522 2907
