roadstress 1512 -1 1801 123
roadstress 1705 1 1724 88
roadstress 1707 205 1848 224
roadstress 1674 100 1700 289
roadstress 1553 227 1585 279
roadstress 1733 104 1764 204
roadstress 1534 86 1564 282
roadstress 1559 177 1691 196
roadstress 1414 308 1536 352
roadstress 1484 329 1548 480
roadstress 1541 282 1815 305
roadstress 1670 308 1724 684
roadstress 1691 528 1899 563
roadstress 1537 424 1635 450
roadstress 1488 470 1530 684
roadstress 1687 679 1909 702
roadstress 1370 468 1514 534
roadstress 1527 534 1674 547
roadstress 1530 624 1670 650
roadstress 1656 839 1924 887
roadstress 1639 690 1678 840
roadstress 1411 721 1659 758
roadstress 1354 1074 1420 1210
roadstress 1323 913 1431 1066
roadstress 1429 915 1470 947
roadstress 1619 918 1640 1010
roadstress 1559 792 1630 904
roadstress 1472 914 1618 959
roadstress 1564 1121 1737 1237
roadstress 1559 1014 1634 1112
roadstress 1644 1007 1753 1032
roadstress 1754 891 1787 1020
roadstress 1764 1023 1897 1052
roadstress 1423 1061 1560 1096
roadstress 1267 1206 1570 1287
roadstress 1374 1269 1432 1417
roadstress 1624 1217 1712 1305
roadstress 1237 1391 1384 1431
roadstress 1388 1423 1545 1439
roadstress 1254 1667 1521 1761
roadstress 1570 1238 1645 1459
roadstress 1642 1304 1686 1383
roadstress 1542 1356 1581 1502
roadstress 1267 1533 1388 1582
roadstress 1441 1509 1553 1589
roadstress 1553 1627 1592 1725
roadstress 1458 1683 1549 1720
roadstress 1478 1588 1496 1680
roadstress 1553 1513 1598 1617
roadstress 1623 1460 1674 1560
roadstress 1556 1494 1625 1504
roadstress 1495 1615 1592 1635
roadstress 1486 1732 1541 1895
roadstress 1512 1813 1585 1917
roadstress 1169 1842 1321 1862
roadstress 1325 1854 1489 1884
roadstress 1530 1747 1550 1817
roadstress 1444 1810 1504 1833
roadstress 1449 1894 1496 2014
roadstress 1492 1897 1629 1933
roadstress 1232 1967 1445 2063
roadstress 1354 2052 1481 2310
roadstress 1152 2007 1475 2115
roadstress 1475 1995 1504 2091
roadstress 1261 2048 1293 2211
roadstress 1119 2184 1244 2210
roadstress 1452 2221 1623 2251
roadstress 1148 2317 1416 2356
roadstress 1408 2121 1469 2263
roadstress 1485 1980 1553 1999
roadstress 1475 2103 1642 2123
roadstress 1074 2399 1214 2425
roadstress 1128 2449 1240 2553
roadstress 1240 2400 1312 2411
roadstress 1229 2445 1310 2471
roadstress 1311 2357 1353 2467
roadstress 1392 2264 1445 2557
roadstress 1423 2394 1553 2418
roadstress 1556 2412 1700 2452
roadstress 1340 2392 1415 2400
roadstress 1240 2563 1385 2571
roadstress 1310 2472 1391 2527
roadstress 1546 2030 1559 2100
roadstress 1023 2842 1165 2868
roadstress 1025 2893 1177 2944
roadstress 1159 2897 1182 2986
roadstress 1208 2687 1232 2816
roadstress 1168 2860 1263 2871
roadstress 1291 2902 1338 2991
roadstress 1308 2895 1333 2951
roadstress 1322 2840 1362 2893
roadstress 1333 2673 1381 2825
roadstress 1128 2754 1152 2853
roadstress 1229 2742 1334 2767
roadstress 1166 2697 1191 2800
roadstress 1194 2579 1246 2682
roadstress 1096 2672 1184 2697
roadstress 1048 2620 1150 2661
roadstress 1110 2534 1199 2623
