roadstress 2336 100 2429 121
roadstress 2299 0 2405 301
roadstress 2151 0 2169 103
roadstress 2112 89 2324 106
roadstress 2252 104 2302 332
roadstress 2280 220 2395 357
roadstress 2082 100 2115 145
roadstress 2079 69 2129 94
roadstress 2072 80 2090 181
roadstress 2034 170 2079 326
roadstress 2085 181 2150 311
roadstress 2274 330 2422 399
roadstress 1932 299 2281 405
roadstress 2154 312 2197 613
roadstress 2285 396 2397 626
roadstress 2171 402 2284 431
roadstress 1908 378 1930 552
roadstress 1835 546 2155 608
roadstress 2273 428 2293 463
roadstress 2274 484 2295 600
roadstress 2026 576 2050 657
roadstress 1890 657 2032 686
roadstress 2169 599 2284 625
roadstress 2284 602 2319 632
roadstress 1889 679 1924 782
roadstress 1916 764 1924 890
roadstress 2171 616 2290 666
roadstress 2147 615 2169 927
roadstress 2169 704 2275 747
roadstress 2278 722 2310 748
roadstress 1823 913 2082 929
roadstress 2264 749 2288 1019
roadstress 2086 917 2151 934
roadstress 2082 914 2267 951
roadstress 2283 875 2311 886
roadstress 2128 959 2165 1199
roadstress 2149 1015 2268 1036
roadstress 2265 1022 2298 1079
roadstress 2290 998 2349 1013
roadstress 2164 1105 2211 1116
roadstress 2350 1014 2369 1063
roadstress 2363 1064 2414 1083
roadstress 2298 1061 2363 1081
roadstress 2264 1080 2296 1171
roadstress 2300 1082 2387 1223
roadstress 2256 1159 2328 1201
roadstress 2203 1116 2221 1160
roadstress 2162 1146 2271 1178
roadstress 1825 1179 2087 1212
roadstress 2089 1201 2251 1238
roadstress 2237 1170 2328 1324
roadstress 2214 1295 2416 1371
roadstress 2060 1212 2078 1306
roadstress 1884 1256 2207 1322
roadstress 2256 1387 2355 1460
roadstress 2150 1414 2179 1512
roadstress 1829 1385 2272 1538
roadstress 1937 1416 1966 1574
roadstress 1891 1470 1941 1490
roadstress 2162 1532 2409 1581
roadstress 1823 1561 2131 1593
roadstress 2104 1515 2166 1688
roadstress 2162 1630 2351 1698
roadstress 2253 1690 2274 1897
roadstress 2096 1692 2162 1903
roadstress 2148 1801 2184 1816
roadstress 1816 1840 2268 1920
roadstress 2056 1906 2095 1982
roadstress 2277 1966 2403 1985
roadstress 2222 1923 2279 1970
roadstress 2255 1976 2283 2064
roadstress 2067 1982 2148 2027
roadstress 1852 1973 2051 1997
roadstress 2262 2064 2402 2095
roadstress 1989 1992 2060 2122
roadstress 1832 2086 2252 2142
roadstress 2067 2122 2370 2375
roadstress 1833 2330 2379 2400
roadstress 2154 2379 2208 2504
roadstress 2160 2507 2370 2627
roadstress 2071 2511 2156 2676
roadstress 2169 2574 2228 2700
roadstress 1777 2580 2067 2694
roadstress 2081 2675 2175 2748
roadstress 2070 2721 2338 2833
roadstress 1994 2696 2080 2850
roadstress 2090 2858 2241 2892
roadstress 1757 2774 2083 2891
roadstress 2185 2894 2246 2996
roadstress 1858 2878 2065 2999
